0.01 --undefined-- --undefined--
0.02 --undefined-- --undefined--
0.03 --undefined-- --undefined--
0.04 --undefined-- --undefined--
0.05 --undefined-- 36.376
0.06 --undefined-- 36.597
0.07 --undefined-- 36.843
0.08 --undefined-- 36.728
0.09 --undefined-- 36.536
0.10 --undefined-- 36.463
0.11 --undefined-- 36.071
0.12 --undefined-- 35.129
0.13 --undefined-- 34.569
0.14 --undefined-- 35.170
0.15 --undefined-- 36.323
0.16 --undefined-- 36.385
0.17 --undefined-- 35.599
0.18 --undefined-- 35.280
0.19 --undefined-- 35.045
0.20 --undefined-- 34.341
0.21 --undefined-- 34.539
0.22 --undefined-- 35.362
0.23 --undefined-- 35.468
0.24 --undefined-- 34.671
0.25 --undefined-- 33.698
0.26 --undefined-- 33.071
0.27 --undefined-- 32.119
0.28 --undefined-- 31.665
0.29 --undefined-- 33.674
0.30 --undefined-- 35.744
0.31 --undefined-- 35.758
0.32 --undefined-- 34.665
0.33 --undefined-- 32.700
0.34 --undefined-- 31.301
0.35 --undefined-- 32.355
0.36 --undefined-- 33.736
0.37 --undefined-- 34.393
0.38 --undefined-- 34.141
0.39 --undefined-- 33.129
0.40 --undefined-- 32.452
0.41 --undefined-- 31.635
0.42 --undefined-- 30.656
0.43 --undefined-- 30.726
0.44 --undefined-- 31.391
0.45 --undefined-- 31.275
0.46 --undefined-- 30.355
0.47 --undefined-- 29.898
0.48 --undefined-- 30.277
0.49 --undefined-- 30.668
0.50 --undefined-- 30.380
0.51 --undefined-- 30.094
0.52 --undefined-- 30.381
0.53 --undefined-- 30.214
0.54 --undefined-- 29.650
0.55 --undefined-- 29.509
0.56 --undefined-- 29.925
0.57 --undefined-- 30.711
0.58 --undefined-- 31.318
0.59 --undefined-- 30.320
0.60 --undefined-- 28.584
0.61 --undefined-- 28.614
0.62 --undefined-- 30.512
0.63 --undefined-- 32.381
0.64 --undefined-- 33.169
0.65 --undefined-- 33.030
0.66 --undefined-- 31.734
0.67 --undefined-- 30.847
0.68 --undefined-- 32.193
0.69 --undefined-- 33.219
0.70 --undefined-- 32.411
0.71 --undefined-- 31.701
0.72 --undefined-- 31.953
0.73 --undefined-- 32.288
0.74 --undefined-- 32.184
0.75 --undefined-- 31.571
0.76 --undefined-- 31.370
0.77 --undefined-- 31.245
0.78 --undefined-- 31.303
0.79 --undefined-- 31.870
0.80 --undefined-- 31.975
0.81 --undefined-- 31.862
0.82 --undefined-- 32.711
0.83 --undefined-- 34.942
0.84 --undefined-- 37.264
0.85 --undefined-- 40.306
0.86 --undefined-- 46.609
0.87 --undefined-- 55.615
0.88 203.063 63.585
0.89 204.749 68.507
0.90 199.173 70.653
0.91 194.350 71.252
0.92 193.915 71.555
0.93 194.223 71.943
0.94 194.422 72.289
0.95 194.885 72.550
0.96 195.751 72.741
0.97 196.505 72.880
0.98 197.203 72.991
0.99 198.039 73.087
1.00 198.693 73.136
1.01 199.076 73.128
1.02 199.243 73.091
1.03 199.221 73.045
1.04 199.305 73.019
1.05 199.709 73.027
1.06 200.313 73.027
1.07 201.304 72.996
1.08 202.554 72.949
1.09 203.408 72.891
1.10 203.852 72.857
1.11 204.400 72.885
1.12 204.596 72.937
1.13 204.504 72.990
1.14 204.569 73.066
1.15 204.686 73.163
1.16 204.620 73.244
1.17 204.363 73.299
1.18 204.198 73.360
1.19 204.190 73.456
1.20 204.394 73.593
1.21 204.979 73.746
1.22 205.784 73.864
1.23 206.400 73.914
1.24 206.782 73.930
1.25 207.316 73.963
1.26 207.922 73.979
1.27 208.337 73.923
1.28 208.514 73.810
1.29 208.538 73.696
1.30 208.764 73.633
1.31 208.916 73.586
1.32 208.609 73.494
1.33 208.158 73.360
1.34 208.043 73.224
1.35 208.123 73.108
1.36 208.564 73.026
1.37 209.407 72.986
1.38 210.264 72.961
1.39 211.028 72.937
1.40 211.997 72.944
1.41 213.120 72.995
1.42 214.310 73.079
1.43 215.433 73.174
1.44 216.296 73.248
1.45 216.870 73.298
1.46 217.074 73.323
1.47 216.970 73.316
1.48 216.855 73.303
1.49 216.942 73.295
1.50 217.178 73.268
1.51 217.244 73.213
1.52 217.168 73.150
1.53 217.272 73.099
1.54 217.577 73.063
1.55 217.859 73.028
1.56 218.172 72.987
1.57 218.462 72.931
1.58 218.619 72.871
1.59 218.853 72.828
1.60 219.197 72.824
1.61 219.624 72.855
1.62 219.875 72.863
1.63 219.945 72.833
1.64 220.097 72.812
1.65 220.285 72.816
1.66 220.325 72.822
1.67 220.405 72.817
1.68 220.653 72.792
1.69 220.811 72.737
1.70 221.072 72.671
1.71 221.412 72.597
1.72 221.640 72.511
1.73 221.901 72.445
1.74 222.154 72.415
1.75 222.280 72.395
1.76 222.310 72.365
1.77 222.264 72.332
1.78 222.235 72.323
1.79 222.652 72.351
1.80 223.029 72.375
1.81 223.130 72.375
1.82 223.423 72.385
1.83 223.745 72.427
1.84 223.774 72.488
1.85 223.605 72.526
1.86 223.647 72.504
1.87 223.972 72.406
1.88 224.178 72.239
1.89 224.057 72.064
1.90 223.912 71.935
1.91 223.973 71.849
1.92 224.292 71.787
1.93 224.732 71.706
1.94 225.172 71.588
1.95 225.659 71.481
1.96 226.151 71.409
1.97 226.338 71.347
1.98 226.342 71.297
1.99 226.238 71.273
2.00 226.159 71.250
2.01 226.144 71.192
2.02 226.280 71.128
2.03 226.709 71.111
2.04 227.184 71.135
2.05 227.555 71.168
2.06 227.732 71.180
2.07 227.825 71.181
2.08 227.859 71.188
2.09 227.735 71.191
2.10 227.523 71.210
2.11 227.292 71.240
2.12 227.115 71.257
2.13 227.090 71.268
2.14 227.097 71.276
2.15 227.068 71.276
2.16 227.146 71.259
2.17 227.140 71.211
2.18 227.031 71.148
2.19 226.995 71.100
2.20 226.841 71.036
2.21 226.646 70.940
2.22 226.507 70.849
2.23 226.007 70.760
2.24 225.422 70.659
2.25 225.005 70.568
2.26 224.898 70.517
2.27 225.067 70.493
2.28 225.266 70.465
2.29 225.619 70.432
2.30 226.110 70.411
2.31 226.619 70.413
2.32 227.327 70.436
2.33 228.154 70.461
2.34 229.129 70.488
2.35 230.300 70.524
2.36 231.604 70.572
2.37 232.632 70.631
2.38 233.352 70.697
2.39 234.161 70.755
2.40 235.151 70.821
2.41 236.082 70.921
2.42 237.451 71.053
2.43 239.066 71.177
2.44 240.118 71.219
2.45 240.735 71.176
2.46 241.305 71.117
2.47 241.803 71.058
2.48 242.353 70.969
2.49 243.202 70.844
2.50 243.986 70.684
2.51 244.402 70.468
2.52 244.580 70.200
2.53 244.579 69.938
2.54 244.329 69.706
2.55 243.867 69.479
2.56 243.153 69.239
2.57 242.272 68.985
2.58 241.548 68.790
2.59 241.168 68.711
2.60 240.923 68.701
2.61 240.805 68.747
2.62 240.946 68.842
2.63 241.151 68.944
2.64 241.502 69.066
2.65 242.031 69.208
2.66 242.537 69.335
2.67 243.023 69.417
2.68 243.520 69.440
2.69 244.005 69.430
2.70 244.452 69.417
2.71 244.732 69.391
2.72 245.079 69.364
2.73 245.518 69.349
2.74 245.865 69.331
2.75 246.094 69.319
2.76 246.328 69.327
2.77 246.499 69.378
2.78 246.750 69.510
2.79 247.172 69.762
2.80 247.600 70.098
2.81 247.842 70.388
2.82 247.888 70.507
2.83 247.948 70.469
2.84 247.856 70.347
2.85 247.645 70.231
2.86 247.710 70.195
2.87 247.836 70.202
2.88 247.863 70.171
2.89 248.022 70.091
2.90 248.277 70.016
2.91 248.692 69.991
2.92 249.133 70.031
2.93 249.399 70.125
2.94 249.595 70.243
2.95 249.710 70.346
2.96 249.638 70.423
2.97 249.454 70.495
2.98 249.144 70.598
2.99 248.589 70.711
3.00 247.484 70.780
3.01 245.730 70.814
3.02 243.771 70.860
3.03 242.357 70.949
3.04 241.845 71.106
3.05 241.867 71.275
3.06 241.986 71.396
3.07 242.182 71.461
3.08 242.309 71.473
3.09 242.403 71.463
3.10 242.575 71.460
3.11 242.886 71.422
3.12 243.321 71.297
3.13 243.755 71.111
3.14 244.272 70.902
3.15 245.035 70.652
3.16 245.695 70.368
3.17 246.171 70.082
3.18 246.870 69.829
3.19 248.095 69.642
3.20 249.501 69.555
3.21 250.648 69.578
3.22 251.218 69.670
3.23 251.293 69.797
3.24 251.223 69.940
3.25 251.127 70.087
3.26 251.332 70.246
3.27 251.566 70.392
3.28 251.770 70.503
3.29 252.140 70.594
3.30 252.649 70.684
3.31 253.024 70.777
3.32 253.315 70.868
3.33 253.652 70.971
3.34 253.969 71.087
3.35 254.268 71.201
3.36 254.479 71.307
3.37 254.562 71.423
3.38 254.599 71.557
3.39 254.822 71.659
3.40 255.262 71.699
3.41 255.765 71.701
3.42 256.102 71.667
3.43 256.366 71.607
3.44 256.514 71.541
3.45 256.635 71.469
3.46 256.742 71.402
3.47 256.749 71.373
3.48 256.829 71.374
3.49 256.948 71.381
3.50 257.180 71.365
3.51 257.479 71.316
3.52 257.583 71.269
3.53 257.795 71.238
3.54 258.173 71.203
3.55 258.556 71.180
3.56 258.941 71.205
3.57 259.422 71.255
3.58 259.723 71.289
3.59 259.808 71.302
3.60 259.784 71.318
3.61 259.864 71.345
3.62 259.889 71.374
3.63 259.726 71.397
3.64 259.692 71.401
3.65 259.697 71.386
3.66 259.667 71.357
3.67 259.614 71.333
3.68 259.489 71.347
3.69 259.617 71.396
3.70 259.970 71.452
3.71 260.448 71.502
3.72 261.005 71.542
3.73 261.585 71.576
3.74 262.088 71.620
3.75 262.393 71.673
3.76 262.598 71.739
3.77 262.872 71.832
3.78 262.900 71.932
3.79 262.887 72.004
3.80 263.136 72.033
3.81 263.215 72.021
3.82 263.029 71.989
3.83 263.053 71.961
3.84 263.208 71.943
3.85 263.316 71.933
3.86 263.451 71.910
3.87 263.545 71.855
3.88 263.655 71.803
3.89 263.931 71.780
3.90 264.185 71.786
3.91 264.433 71.827
3.92 264.655 71.881
3.93 264.974 71.924
3.94 265.449 71.966
3.95 265.782 71.998
3.96 265.711 71.994
3.97 265.460 71.971
3.98 265.401 71.957
3.99 265.354 71.938
4.00 265.240 71.904
4.01 265.284 71.892
4.02 265.374 71.898
4.03 265.241 71.889
4.04 264.998 71.858
4.05 264.680 71.806
4.06 264.302 71.765
4.07 263.894 71.742
4.08 263.318 71.675
4.09 262.631 71.541
4.10 261.993 71.376
4.11 261.368 71.178
4.12 260.946 70.943
4.13 260.786 70.720
4.14 261.012 70.530
4.15 261.323 70.338
4.16 261.835 70.143
4.17 263.024 69.991
4.18 264.502 69.894
4.19 265.961 69.835
4.20 267.749 69.801
4.21 269.740 69.783
4.22 271.555 69.769
4.23 273.274 69.760
4.24 274.869 69.753
4.25 275.738 69.725
4.26 275.793 69.695
4.27 275.840 69.728
4.28 275.865 69.806
4.29 275.446 69.833
4.30 274.589 69.772
4.31 273.827 69.657
4.32 273.227 69.547
4.33 272.714 69.487
4.34 272.162 69.428
4.35 271.703 69.339
4.36 271.528 69.269
4.37 271.633 69.224
4.38 271.816 69.187
4.39 272.072 69.177
4.40 272.345 69.186
4.41 272.704 69.206
4.42 273.066 69.229
4.43 273.515 69.280
4.44 274.080 69.385
4.45 274.630 69.530
4.46 275.397 69.722
4.47 276.079 69.935
4.48 276.546 70.135
4.49 277.114 70.327
4.50 277.708 70.489
4.51 278.357 70.634
4.52 278.966 70.778
4.53 279.394 70.882
4.54 279.542 70.938
4.55 279.410 70.966
4.56 278.945 70.935
4.57 278.425 70.856
4.58 278.083 70.805
4.59 278.055 70.815
4.60 278.319 70.851
4.61 278.883 70.895
4.62 279.405 70.964
4.63 279.315 71.047
4.64 278.385 71.089
4.65 276.719 71.053
4.66 275.073 70.976
4.67 274.135 70.935
4.68 274.025 70.939
4.69 274.411 70.957
4.70 275.002 70.980
4.71 275.594 71.008
4.72 276.014 71.046
4.73 276.680 71.092
4.74 277.357 71.122
4.75 277.709 71.132
4.76 277.964 71.120
4.77 278.302 71.066
4.78 278.752 70.938
4.79 279.128 70.724
4.80 279.159 70.453
4.81 278.694 70.162
4.82 277.870 69.886
4.83 277.132 69.674
4.84 276.504 69.546
4.85 275.982 69.473
4.86 275.551 69.426
4.87 275.475 69.449
4.88 275.980 69.570
4.89 276.555 69.724
4.90 276.918 69.855
4.91 277.222 69.964
4.92 277.555 70.067
4.93 277.953 70.167
4.94 278.371 70.228
4.95 278.794 70.235
4.96 279.485 70.241
4.97 280.437 70.289
4.98 281.162 70.326
4.99 281.355 70.301
5.00 281.346 70.261
5.01 281.334 70.257
5.02 281.429 70.304
5.03 281.844 70.418
5.04 282.320 70.593
5.05 282.536 70.804
5.06 282.242 70.997
5.07 281.136 71.107
5.08 279.352 71.120
5.09 277.607 71.097
5.10 276.480 71.115
5.11 275.862 71.172
5.12 275.653 71.232
5.13 275.863 71.301
5.14 276.061 71.376
5.15 276.216 71.433
5.16 276.542 71.486
5.17 276.823 71.536
5.18 276.908 71.549
5.19 277.003 71.549
5.20 277.239 71.568
5.21 277.434 71.589
5.22 277.351 71.613
5.23 277.033 71.674
5.24 276.880 71.788
5.25 276.806 71.930
5.26 276.659 72.057
5.27 276.460 72.154
5.28 276.301 72.222
5.29 276.307 72.269
5.30 276.393 72.323
5.31 276.581 72.384
5.32 276.740 72.429
5.33 276.684 72.451
5.34 276.897 72.475
5.35 277.332 72.510
5.36 277.544 72.537
5.37 277.485 72.547
5.38 277.430 72.556
5.39 277.487 72.570
5.40 277.824 72.568
5.41 278.380 72.546
5.42 278.862 72.536
5.43 279.213 72.544
5.44 279.420 72.534
5.45 279.513 72.510
5.46 279.731 72.497
5.47 280.263 72.490
5.48 280.867 72.477
5.49 281.275 72.477
5.50 281.381 72.483
5.51 281.446 72.481
5.52 281.484 72.483
5.53 281.468 72.492
5.54 281.367 72.496
5.55 280.986 72.475
5.56 280.582 72.456
5.57 280.383 72.470
5.58 280.321 72.500
5.59 280.358 72.546
5.60 280.463 72.605
5.61 280.771 72.669
5.62 281.449 72.733
5.63 282.259 72.788
5.64 282.859 72.814
5.65 283.143 72.783
5.66 283.263 72.722
5.67 283.599 72.687
5.68 283.992 72.685
5.69 284.154 72.684
5.70 284.145 72.674
5.71 284.246 72.693
5.72 284.222 72.750
5.73 283.983 72.807
5.74 284.046 72.852
5.75 284.483 72.882
5.76 285.023 72.856
5.77 285.217 72.773
5.78 285.212 72.705
5.79 285.235 72.686
5.80 285.441 72.701
5.81 285.753 72.734
5.82 285.956 72.775
5.83 286.070 72.829
5.84 286.285 72.894
5.85 286.680 72.960
5.86 287.292 73.030
5.87 287.846 73.088
5.88 288.309 73.130
5.89 288.724 73.166
5.90 288.852 73.184
5.91 289.038 73.204
5.92 289.254 73.247
5.93 289.425 73.300
5.94 289.533 73.346
5.95 289.573 73.371
5.96 289.795 73.392
5.97 290.085 73.429
5.98 290.529 73.479
5.99 290.919 73.538
6.00 291.013 73.589
6.01 291.068 73.652
6.02 291.480 73.747
6.03 291.740 73.817
6.04 291.716 73.815
6.05 291.635 73.775
6.06 291.669 73.738
6.07 291.777 73.706
6.08 291.947 73.673
6.09 292.078 73.649
6.10 291.977 73.647
6.11 291.861 73.654
6.12 291.816 73.660
6.13 291.886 73.682
6.14 292.073 73.723
6.15 292.186 73.763
6.16 292.475 73.812
6.17 293.034 73.877
6.18 293.542 73.937
6.19 293.833 73.980
6.20 293.791 74.001
6.21 293.640 73.993
6.22 293.385 73.955
6.23 293.170 73.898
6.24 292.980 73.854
6.25 292.723 73.828
6.26 292.457 73.819
6.27 292.383 73.833
6.28 292.561 73.864
6.29 292.656 73.875
6.30 292.671 73.861
6.31 292.800 73.843
6.32 292.896 73.816
6.33 293.002 73.793
6.34 293.364 73.798
6.35 293.918 73.809
6.36 294.089 73.791
6.37 294.154 73.779
6.38 294.249 73.800
6.39 294.186 73.828
6.40 294.106 73.847
6.41 294.105 73.855
6.42 294.273 73.843
6.43 294.522 73.813
6.44 294.909 73.783
6.45 295.224 73.747
6.46 295.449 73.695
6.47 295.661 73.652
6.48 295.728 73.644
6.49 295.902 73.666
6.50 296.180 73.690
6.51 296.430 73.695
6.52 296.382 73.689
6.53 296.150 73.690
6.54 295.955 73.694
6.55 296.079 73.695
6.56 296.515 73.686
6.57 296.896 73.633
6.58 297.098 73.539
6.59 297.300 73.442
6.60 297.440 73.363
6.61 297.290 73.308
6.62 296.781 73.244
6.63 296.058 73.159
6.64 295.410 73.087
6.65 294.922 73.041
6.66 294.576 73.022
6.67 294.433 73.046
6.68 294.361 73.105
6.69 294.412 73.190
6.70 294.594 73.289
6.71 294.851 73.386
6.72 295.168 73.480
6.73 295.453 73.594
6.74 295.516 73.730
6.75 295.590 73.848
6.76 295.754 73.870
6.77 295.802 73.769
6.78 295.486 73.609
6.79 295.114 73.478
6.80 295.210 73.402
6.81 295.727 73.367
6.82 296.205 73.360
6.83 296.628 73.389
6.84 297.087 73.450
6.85 297.511 73.523
6.86 297.711 73.594
6.87 297.593 73.627
6.88 297.535 73.627
6.89 297.638 73.642
6.90 297.714 73.656
6.91 297.648 73.629
6.92 297.578 73.560
6.93 297.509 73.481
6.94 297.352 73.412
6.95 297.627 73.367
6.96 298.065 73.326
6.97 298.160 73.272
6.98 298.477 73.231
6.99 298.877 73.189
7.00 299.227 73.137
7.01 299.621 73.119
7.02 300.015 73.143
7.03 300.465 73.164
7.04 300.796 73.109
7.05 300.837 72.960
7.06 300.634 72.772
7.07 300.443 72.595
7.08 300.607 72.452
7.09 300.988 72.343
7.10 301.041 72.232
7.11 301.063 72.136
7.12 301.271 72.109
7.13 301.598 72.144
7.14 301.823 72.204
7.15 302.081 72.300
7.16 302.282 72.432
7.17 302.340 72.555
7.18 302.342 72.644
7.19 302.224 72.694
7.20 302.533 72.741
7.21 303.269 72.816
7.22 303.870 72.906
7.23 304.085 72.999
7.24 304.397 73.105
7.25 304.678 73.198
7.26 304.687 73.254
7.27 304.798 73.312
7.28 304.779 73.379
7.29 304.605 73.432
7.30 304.716 73.466
7.31 304.839 73.469
7.32 304.969 73.449
7.33 305.165 73.440
7.34 305.453 73.474
7.35 305.902 73.539
7.36 306.348 73.593
7.37 306.641 73.627
7.38 306.798 73.665
7.39 307.093 73.716
7.40 307.344 73.766
7.41 307.395 73.788
7.42 307.482 73.787
7.43 307.568 73.773
7.44 307.574 73.747
7.45 307.873 73.747
7.46 308.483 73.784
7.47 308.920 73.799
7.48 309.238 73.769
7.49 309.549 73.729
7.50 309.671 73.704
7.51 309.522 73.689
7.52 309.432 73.682
7.53 309.690 73.709
7.54 310.285 73.768
7.55 310.841 73.819
7.56 311.234 73.850
7.57 311.651 73.882
7.58 311.940 73.939
7.59 312.203 74.033
7.60 312.401 74.136
7.61 312.300 74.228
7.62 312.203 74.345
7.63 312.355 74.476
7.64 312.545 74.550
7.65 312.489 74.535
7.66 312.479 74.475
7.67 312.786 74.435
7.68 313.038 74.402
7.69 313.194 74.351
7.70 313.523 74.323
7.71 313.787 74.333
7.72 313.947 74.364
7.73 313.954 74.401
7.74 313.628 74.422
7.75 313.314 74.426
7.76 313.069 74.417
7.77 312.857 74.391
7.78 312.995 74.363
7.79 313.400 74.344
7.80 313.948 74.325
7.81 314.751 74.321
7.82 315.759 74.343
7.83 316.690 74.379
7.84 317.157 74.370
7.85 317.117 74.280
7.86 316.710 74.136
7.87 316.378 73.978
7.88 316.396 73.813
7.89 316.469 73.624
7.90 316.638 73.464
7.91 316.982 73.386
7.92 317.396 73.359
7.93 317.937 73.337
7.94 318.147 73.276
7.95 317.949 73.195
7.96 317.445 73.135
7.97 316.817 73.100
7.98 316.314 73.066
7.99 315.893 73.014
8.00 315.514 72.961
8.01 315.664 72.969
8.02 316.151 73.094
8.03 316.206 73.306
8.04 315.944 73.479
8.05 315.673 73.500
8.06 315.659 73.362
8.07 315.774 73.157
8.08 315.858 73.010
8.09 316.105 72.967
8.10 316.455 72.967
8.11 316.749 72.964
8.12 316.868 72.989
8.13 316.984 73.080
8.14 316.991 73.231
8.15 316.908 73.369
8.16 316.551 73.443
8.17 316.297 73.484
8.18 316.280 73.481
8.19 316.039 73.385
8.20 315.623 73.226
8.21 315.364 73.077
8.22 315.374 72.964
8.23 315.835 72.895
8.24 316.598 72.837
8.25 317.291 72.701
8.26 317.931 72.428
8.27 318.840 72.027
8.28 320.219 71.584
8.29 321.932 71.204
8.30 323.667 70.944
8.31 325.026 70.807
8.32 326.297 70.745
8.33 327.431 70.687
8.34 328.071 70.573
8.35 328.448 70.457
8.36 328.598 70.375
8.37 328.499 70.282
8.38 328.499 70.214
8.39 328.832 70.220
8.40 329.089 70.235
8.41 328.955 70.198
8.42 328.506 70.131
8.43 327.799 70.068
8.44 327.049 70.039
8.45 326.717 70.074
8.46 326.840 70.139
8.47 327.320 70.158
8.48 327.364 70.065
8.49 327.182 69.955
8.50 327.561 69.953
8.51 328.216 69.987
8.52 328.585 69.966
8.53 328.701 69.903
8.54 328.809 69.836
8.55 328.486 69.779
8.56 327.811 69.737
8.57 327.559 69.700
8.58 327.875 69.649
8.59 328.183 69.577
8.60 328.326 69.464
8.61 328.484 69.318
8.62 328.644 69.145
8.63 328.665 68.947
8.64 328.688 68.790
8.65 328.938 68.711
8.66 329.145 68.744
8.67 329.108 68.916
8.68 329.254 69.182
8.69 329.083 69.437
8.70 328.284 69.616
8.71 327.263 69.729
8.72 326.490 69.773
8.73 326.243 69.757
8.74 326.158 69.756
8.75 326.079 69.773
8.76 326.186 69.771
8.77 326.599 69.767
8.78 327.347 69.775
8.79 328.061 69.769
8.80 328.761 69.756
8.81 329.321 69.758
8.82 329.542 69.751
8.83 329.431 69.714
8.84 329.302 69.662
8.85 329.291 69.620
8.86 329.410 69.598
8.87 329.875 69.570
8.88 330.456 69.529
8.89 330.815 69.491
8.90 331.116 69.485
8.91 331.358 69.536
8.92 331.365 69.601
8.93 331.316 69.621
8.94 330.990 69.558
8.95 330.469 69.472
8.96 330.157 69.462
8.97 329.962 69.501
8.98 329.825 69.527
8.99 329.656 69.512
9.00 329.547 69.464
9.01 329.653 69.383
9.02 330.091 69.264
9.03 330.595 69.113
9.04 330.944 68.973
9.05 331.567 68.890
9.06 332.259 68.834
9.07 332.772 68.779
9.08 333.468 68.742
9.09 334.350 68.735
9.10 335.107 68.781
9.11 335.650 68.868
9.12 335.906 68.923
9.13 335.916 68.922
9.14 335.972 68.862
9.15 336.104 68.724
9.16 336.146 68.586
9.17 336.270 68.519
9.18 336.404 68.460
9.19 336.458 68.389
9.20 336.490 68.369
9.21 336.492 68.393
9.22 336.558 68.403
9.23 336.905 68.412
9.24 337.363 68.448
9.25 337.881 68.490
9.26 338.460 68.509
9.27 339.041 68.519
9.28 339.677 68.539
9.29 340.154 68.563
9.30 340.468 68.597
9.31 340.743 68.652
9.32 340.874 68.690
9.33 340.955 68.691
9.34 340.914 68.648
9.35 340.864 68.568
9.36 341.078 68.506
9.37 341.059 68.452
9.38 340.739 68.343
9.39 340.379 68.240
9.40 340.118 68.258
9.41 339.909 68.414
9.42 339.756 68.631
9.43 339.761 68.893
9.44 339.943 69.186
9.45 340.166 69.433
9.46 340.068 69.595
9.47 339.873 69.692
9.48 340.109 69.757
9.49 340.709 69.846
9.50 341.473 69.978
9.51 342.181 70.121
9.52 342.781 70.285
9.53 343.339 70.468
9.54 343.749 70.602
9.55 343.938 70.688
9.56 343.954 70.770
9.57 343.959 70.856
9.58 343.799 70.934
9.59 343.551 70.999
9.60 343.257 71.065
9.61 342.983 71.138
9.62 342.753 71.209
9.63 342.647 71.267
9.64 342.573 71.299
9.65 342.529 71.283
9.66 342.766 71.238
9.67 342.801 71.198
9.68 342.726 71.177
9.69 342.902 71.198
9.70 343.459 71.284
9.71 344.119 71.384
9.72 344.618 71.438
9.73 345.168 71.504
9.74 345.751 71.628
9.75 346.270 71.759
9.76 346.660 71.857
9.77 346.823 71.925
9.78 346.817 71.958
9.79 346.818 71.957
9.80 346.896 71.944
9.81 347.051 71.940
9.82 347.346 71.952
9.83 347.479 71.974
9.84 347.558 72.025
9.85 347.734 72.094
9.86 347.882 72.115
9.87 347.919 72.078
9.88 347.799 72.029
9.89 347.648 72.007
9.90 347.503 72.026
9.91 347.620 72.080
9.92 347.930 72.112
9.93 348.256 72.090
9.94 348.392 72.021
9.95 348.487 71.916
9.96 348.559 71.749
9.97 348.484 71.521
9.98 348.357 71.309
9.99 348.674 71.191
10.00 349.241 71.133
10.01 349.764 71.043
10.02 350.386 70.952
10.03 350.927 70.900
10.04 351.319 70.872
10.05 351.811 70.898
10.06 352.207 70.974
10.07 352.310 71.031
10.08 352.073 71.009
10.09 351.633 70.914
10.10 351.268 70.795
10.11 351.109 70.690
10.12 351.297 70.649
10.13 351.702 70.669
10.14 351.837 70.672
10.15 351.744 70.650
10.16 351.755 70.648
10.17 351.930 70.677
10.18 352.201 70.739
10.19 352.442 70.813
10.20 352.529 70.873
10.21 352.564 70.915
10.22 352.521 70.922
10.23 352.589 70.913
10.24 352.945 70.956
10.25 353.233 71.021
10.26 353.440 71.057
10.27 353.333 71.010
10.28 352.718 70.878
10.29 352.072 70.759
10.30 351.316 70.649
10.31 350.572 70.496
10.32 349.868 70.313
10.33 349.258 70.146
10.34 348.962 70.002
10.35 348.870 69.883
10.36 349.014 69.879
10.37 349.556 70.025
10.38 350.358 70.257
10.39 351.147 70.470
10.40 351.695 70.560
10.41 352.201 70.533
10.42 352.563 70.446
10.43 352.886 70.330
10.44 353.486 70.215
10.45 354.346 70.142
10.46 355.196 70.110
10.47 355.803 70.083
10.48 356.119 70.053
10.49 355.980 69.995
10.50 355.880 69.903
10.51 356.248 69.841
10.52 356.891 69.810
10.53 357.353 69.790
10.54 357.907 69.833
10.55 358.737 69.962
10.56 359.504 70.101
10.57 360.018 70.162
10.58 360.399 70.090
10.59 360.339 69.853
10.60 359.814 69.510
10.61 359.398 69.185
10.62 359.348 68.942
10.63 359.434 68.795
10.64 359.724 68.755
10.65 360.131 68.766
10.66 360.530 68.759
10.67 361.133 68.759
10.68 362.202 68.826
10.69 363.054 68.908
10.70 363.323 68.965
10.71 363.562 69.069
10.72 363.875 69.236
10.73 363.878 69.353
10.74 363.633 69.358
10.75 363.520 69.296
10.76 363.575 69.222
10.77 363.649 69.160
10.78 363.644 69.131
10.79 363.611 69.125
10.80 363.739 69.131
10.81 364.184 69.153
10.82 364.691 69.184
10.83 365.116 69.225
10.84 365.336 69.292
10.85 365.360 69.377
10.86 365.468 69.453
10.87 365.469 69.486
10.88 365.343 69.502
10.89 365.213 69.543
10.90 365.128 69.623
10.91 364.974 69.702
10.92 364.954 69.761
10.93 365.412 69.843
10.94 365.955 69.934
10.95 366.143 70.002
10.96 366.057 70.060
10.97 365.527 70.114
10.98 364.870 70.169
10.99 364.270 70.239
11.00 363.730 70.312
11.01 363.074 70.337
11.02 362.357 70.314
11.03 361.956 70.293
11.04 361.784 70.264
11.05 361.603 70.216
11.06 361.680 70.198
11.07 361.832 70.218
11.08 361.871 70.240
11.09 361.915 70.242
11.10 362.130 70.219
11.11 362.268 70.188
11.12 362.275 70.161
11.13 362.245 70.141
11.14 362.031 70.109
11.15 361.685 70.061
11.16 361.456 70.032
11.17 361.112 70.010
11.18 360.727 69.964
11.19 360.675 69.916
11.20 360.704 69.858
11.21 360.856 69.787
11.22 361.313 69.747
11.23 361.618 69.724
11.24 361.418 69.664
11.25 361.191 69.591
11.26 361.482 69.557
11.27 362.108 69.551
11.28 362.666 69.535
11.29 363.171 69.526
11.30 363.499 69.544
11.31 363.556 69.568
11.32 363.557 69.603
11.33 363.465 69.655
11.34 363.304 69.736
11.35 363.100 69.892
11.36 362.908 70.140
11.37 362.764 70.447
11.38 362.820 70.767
11.39 363.062 71.042
11.40 363.523 71.231
11.41 364.416 71.360
11.42 365.647 71.485
11.43 366.647 71.614
11.44 367.327 71.725
11.45 367.636 71.787
11.46 367.783 71.805
11.47 367.844 71.828
11.48 367.879 71.866
11.49 367.815 71.862
11.50 367.599 71.762
11.51 367.431 71.560
11.52 367.597 71.259
11.53 368.023 70.870
11.54 368.684 70.474
11.55 369.248 70.113
11.56 369.519 69.770
11.57 369.802 69.475
11.58 369.960 69.250
11.59 370.163 69.109
11.60 370.595 69.055
11.61 370.942 69.025
11.62 371.377 69.006
11.63 371.886 69.011
11.64 372.142 68.996
11.65 372.246 68.947
11.66 372.213 68.866
11.67 371.613 68.732
11.68 370.647 68.558
11.69 369.548 68.403
11.70 368.407 68.289
11.71 367.437 68.225
11.72 366.673 68.170
11.73 366.221 68.063
11.74 366.154 67.892
11.75 366.152 67.692
11.76 366.188 67.553
11.77 366.196 67.537
11.78 366.192 67.645
11.79 366.185 67.800
11.80 365.855 67.903
11.81 365.218 67.931
11.82 364.720 67.914
11.83 364.612 67.884
11.84 364.657 67.861
11.85 364.715 67.859
11.86 364.495 67.869
11.87 364.032 67.904
11.88 363.475 67.994
11.89 362.936 68.122
11.90 362.416 68.234
11.91 361.831 68.277
11.92 361.378 68.250
11.93 361.113 68.188
11.94 361.023 68.092
11.95 360.861 67.957
11.96 360.656 67.818
11.97 360.468 67.714
11.98 360.198 67.660
11.99 359.747 67.662
12.00 359.332 67.716
12.01 359.021 67.809
12.02 359.015 67.903
12.03 359.199 67.993
12.04 359.318 68.082
12.05 359.360 68.124
12.06 359.356 68.123
12.07 359.200 68.116
12.08 358.858 68.102
12.09 358.649 68.078
12.10 358.959 68.075
12.11 359.523 68.117
12.12 359.684 68.160
12.13 359.684 68.192
12.14 359.943 68.249
12.15 360.308 68.288
12.16 360.620 68.313
12.17 360.795 68.340
12.18 361.133 68.335
12.19 361.520 68.307
12.20 361.521 68.277
12.21 361.453 68.256
12.22 361.575 68.245
12.23 361.805 68.254
12.24 361.902 68.298
12.25 362.093 68.357
12.26 362.167 68.363
12.27 362.105 68.344
12.28 362.293 68.387
12.29 362.303 68.482
12.30 362.012 68.604
12.31 361.611 68.707
12.32 361.289 68.741
12.33 361.244 68.715
12.34 361.442 68.675
12.35 362.012 68.650
12.36 362.578 68.623
12.37 362.971 68.596
12.38 363.257 68.589
12.39 363.724 68.610
12.40 364.322 68.666
12.41 364.983 68.728
12.42 366.064 68.764
12.43 367.589 68.773
12.44 369.211 68.784
12.45 370.651 68.817
12.46 371.925 68.849
12.47 372.930 68.878
12.48 373.726 68.919
12.49 374.471 68.958
12.50 375.004 68.963
12.51 375.030 68.874
12.52 374.448 68.677
12.53 373.909 68.495
12.54 373.564 68.436
12.55 372.854 68.426
12.56 371.677 68.378
12.57 370.252 68.325
12.58 368.517 68.281
12.59 366.739 68.245
12.60 365.494 68.221
12.61 364.978 68.201
12.62 365.085 68.182
12.63 365.517 68.143
12.64 365.931 68.093
12.65 366.380 68.063
12.66 366.858 68.029
12.67 367.588 67.957
12.68 368.656 67.884
12.69 369.800 67.884
12.70 371.149 67.979
12.71 372.508 68.154
12.72 373.277 68.325
12.73 373.344 68.356
12.74 372.927 68.233
12.75 372.815 68.191
12.76 373.015 68.309
12.77 372.770 68.344
12.78 372.460 68.287
12.79 372.333 68.247
12.80 372.126 68.206
12.81 372.412 68.212
12.82 372.930 68.262
12.83 373.579 68.355
12.84 374.259 68.553
12.85 375.083 68.825
12.86 376.026 69.064
12.87 376.845 69.200
12.88 377.265 69.237
12.89 377.583 69.242
12.90 377.761 69.248
12.91 377.687 69.232
12.92 377.469 69.198
12.93 376.843 69.193
12.94 376.001 69.223
12.95 375.121 69.272
12.96 374.330 69.388
12.97 373.856 69.588
12.98 373.575 69.840
12.99 373.067 70.060
13.00 372.439 70.169
13.01 371.909 70.189
13.02 371.687 70.193
13.03 371.699 70.209
13.04 371.875 70.245
13.05 371.926 70.310
13.06 371.703 70.366
13.07 371.415 70.411
13.08 371.084 70.441
13.09 370.569 70.416
13.10 370.046 70.355
13.11 369.717 70.300
13.12 369.403 70.231
13.13 369.407 70.123
13.14 369.671 70.045
13.15 369.832 70.035
13.16 370.021 70.014
13.17 370.326 69.971
13.18 370.641 69.947
13.19 370.897 69.952
13.20 371.258 69.982
13.21 371.830 70.023
13.22 372.138 70.066
13.23 372.236 70.086
13.24 372.217 70.050
13.25 371.969 69.977
13.26 371.670 69.880
13.27 371.565 69.742
13.28 371.529 69.579
13.29 371.632 69.445
13.30 372.003 69.368
13.31 372.212 69.310
13.32 371.960 69.185
13.33 371.315 68.921
13.34 370.605 68.547
13.35 370.095 68.142
13.36 369.851 67.692
13.37 369.884 67.168
13.38 369.908 66.620
13.39 369.714 66.117
13.40 369.134 65.698
13.41 368.769 65.482
13.42 369.065 65.474
13.43 369.176 65.412
13.44 368.859 65.270
13.45 368.910 65.300
13.46 369.408 65.498
13.47 369.934 65.636
13.48 370.269 65.522
13.49 370.561 65.125
13.50 370.896 64.620
13.51 371.259 64.185
13.52 371.652 63.859
13.53 372.055 63.615
13.54 372.365 63.431
13.55 372.829 63.326
13.56 373.181 63.296
13.57 372.802 63.155
13.58 371.732 62.812
13.59 370.800 62.442
13.60 370.338 62.015
13.61 369.891 61.338
13.62 369.686 60.517
13.63 369.558 59.623
13.64 369.031 58.555
13.65 369.238 57.672
13.66 370.755 57.503
13.67 372.660 57.939
13.68 373.871 58.591
13.69 374.822 59.362
13.70 376.145 60.313
13.71 378.001 61.378
13.72 380.347 62.494
13.73 382.516 63.648
13.74 383.934 64.595
13.75 384.526 65.056
13.76 384.459 65.074
13.77 383.936 64.866
13.78 382.963 64.522
13.79 381.844 64.080
13.80 380.179 63.543
13.81 377.676 62.831
13.82 374.721 61.922
13.83 371.696 60.953
13.84 369.585 60.320
13.85 369.212 60.219
13.86 369.690 60.327
13.87 370.016 60.370
13.88 370.050 60.176
13.89 369.633 59.500
13.90 369.469 58.404
13.91 370.249 57.179
13.92 372.003 55.783
13.93 373.863 53.805
13.94 375.858 50.980
13.95 377.831 47.314
13.96 --undefined-- 42.803
13.97 --undefined-- 37.935
13.98 --undefined-- 33.839
13.99 --undefined-- 32.191
14.00 --undefined-- 33.442
14.01 --undefined-- 34.855
14.02 --undefined-- 35.291
14.03 --undefined-- 34.761
14.04 --undefined-- 34.058
14.05 --undefined-- 34.017
14.06 --undefined-- 33.717
14.07 --undefined-- 33.249
14.08 --undefined-- 34.277
14.09 --undefined-- 35.855
14.10 --undefined-- 36.097
14.11 --undefined-- 34.849
14.12 --undefined-- 33.050
14.13 --undefined-- 32.556
14.14 --undefined-- 33.702
14.15 --undefined-- 34.990
14.16 --undefined-- 36.557
14.17 --undefined-- 37.076
14.18 --undefined-- 36.019
14.19 --undefined-- 34.674
14.20 --undefined-- 33.674
14.21 --undefined-- 34.055
14.22 --undefined-- 36.106
14.23 --undefined-- 37.389
14.24 --undefined-- 37.487
14.25 --undefined-- 37.134
14.26 --undefined-- 36.525
14.27 --undefined-- 36.150
14.28 --undefined-- 35.993
14.29 --undefined-- 35.556
14.30 --undefined-- 35.208
14.31 --undefined-- 35.275
14.32 --undefined-- 35.707
14.33 --undefined-- 36.041
14.34 --undefined-- 36.592
14.35 --undefined-- 36.909
14.36 --undefined-- 35.978
14.37 --undefined-- 35.342
14.38 --undefined-- 36.254
14.39 --undefined-- 37.675
14.40 --undefined-- 38.386
14.41 --undefined-- 38.090
14.42 --undefined-- 37.456
14.43 --undefined-- 37.470
14.44 --undefined-- 38.214
14.45 --undefined-- 39.530
14.46 --undefined-- 40.573
14.47 --undefined-- 40.051
14.48 --undefined-- 39.136
14.49 --undefined-- 39.839
14.50 --undefined-- 40.936
14.51 --undefined-- 40.637
14.52 --undefined-- 39.805
14.53 --undefined-- 39.581
14.54 --undefined-- 39.574
14.55 --undefined-- 39.885
14.56 --undefined-- 40.259
14.57 --undefined-- 40.236
14.58 --undefined-- 40.063
14.59 --undefined-- 39.713
14.60 --undefined-- 39.246
14.61 --undefined-- 39.116
14.62 --undefined-- 39.489
14.63 --undefined-- 40.193
14.64 --undefined-- 40.490
14.65 --undefined-- 39.906
14.66 --undefined-- 39.398
14.67 --undefined-- 39.774
14.68 --undefined-- 40.393
14.69 --undefined-- 40.592
14.70 --undefined-- 40.426
14.71 --undefined-- 39.608
14.72 --undefined-- 38.115
14.73 --undefined-- 37.185
14.74 --undefined-- 36.546
14.75 --undefined-- 35.684
14.76 --undefined-- 35.665
14.77 --undefined-- 36.030
14.78 --undefined-- 36.334
14.79 --undefined-- 37.903
14.80 --undefined-- 39.692
14.81 --undefined-- 39.253
14.82 --undefined-- 37.449
14.83 --undefined-- 35.949
14.84 --undefined-- 35.236
14.85 --undefined-- 35.187
14.86 --undefined-- 35.033
14.87 --undefined-- 35.242
14.88 --undefined-- 36.149
14.89 --undefined-- 36.452
14.90 --undefined-- 36.287
14.91 --undefined-- 37.706
14.92 --undefined-- 39.707
14.93 --undefined-- 39.633
14.94 --undefined-- 38.465
14.95 --undefined-- 37.324
14.96 --undefined-- 35.821
14.97 --undefined-- 34.242
14.98 --undefined-- 33.819
14.99 --undefined-- 34.446
15.00 --undefined-- 35.572
15.01 --undefined-- 36.546
15.02 --undefined-- 36.740
15.03 --undefined-- 36.969
15.04 --undefined-- 37.527
15.05 --undefined-- 37.959
15.06 --undefined-- 37.858
15.07 --undefined-- 36.910
15.08 --undefined-- 35.881
15.09 --undefined-- 36.155
15.10 --undefined-- 37.582
15.11 --undefined-- 38.042
15.12 --undefined-- 36.680
15.13 --undefined-- 35.208
15.14 --undefined-- 35.519
15.15 --undefined-- 36.548
15.16 --undefined-- 36.942
15.17 --undefined-- 36.523
15.18 --undefined-- 36.294
15.19 --undefined-- 36.761
15.20 --undefined-- 36.713
15.21 --undefined-- 35.795
15.22 --undefined-- 34.700
15.23 --undefined-- 34.166
15.24 --undefined-- 34.355
15.25 --undefined-- 35.000
15.26 --undefined-- 35.749
15.27 --undefined-- 36.564
15.28 --undefined-- 36.975
15.29 --undefined-- 36.303
15.30 --undefined-- 35.463
15.31 --undefined-- 35.083
15.32 --undefined-- 34.192
15.33 --undefined-- 33.522
15.34 --undefined-- 33.494
15.35 --undefined-- 33.085
15.36 --undefined-- 32.357
15.37 --undefined-- 32.489
15.38 --undefined-- 33.941
15.39 --undefined-- 34.822
15.40 --undefined-- 34.015
15.41 --undefined-- 33.391
15.42 --undefined-- 35.028
15.43 --undefined-- 37.482
15.44 --undefined-- 38.615
15.45 --undefined-- 37.584
15.46 --undefined-- 35.376
15.47 --undefined-- 34.298
15.48 --undefined-- 34.806
15.49 --undefined-- 35.282
15.50 --undefined-- 35.020
15.51 --undefined-- 34.915
15.52 --undefined-- 35.672
15.53 --undefined-- 36.211
15.54 --undefined-- 35.782
15.55 --undefined-- 35.450
15.56 --undefined-- 36.366
15.57 --undefined-- 37.522
15.58 --undefined-- 37.122
15.59 --undefined-- 35.687
15.60 --undefined-- 35.801
15.61 --undefined-- 36.743
15.62 --undefined-- --undefined--
15.63 --undefined-- --undefined--
15.64 --undefined-- --undefined--
15.65 --undefined-- --undefined--
