0.01 --undefined-- --undefined--
0.02 --undefined-- --undefined--
0.03 --undefined-- --undefined--
0.04 --undefined-- --undefined--
0.05 --undefined-- 44.579
0.06 --undefined-- 45.037
0.07 --undefined-- 46.140
0.08 --undefined-- 47.147
0.09 --undefined-- 47.340
0.10 --undefined-- 47.416
0.11 --undefined-- 47.916
0.12 --undefined-- 48.181
0.13 --undefined-- 48.171
0.14 --undefined-- 48.427
0.15 --undefined-- 48.867
0.16 --undefined-- 49.236
0.17 --undefined-- 49.519
0.18 --undefined-- 49.587
0.19 --undefined-- 49.480
0.20 --undefined-- 49.320
0.21 --undefined-- 49.188
0.22 --undefined-- 49.137
0.23 --undefined-- 49.225
0.24 --undefined-- 49.754
0.25 --undefined-- 50.209
0.26 --undefined-- 50.131
0.27 --undefined-- 49.585
0.28 --undefined-- 48.881
0.29 --undefined-- 48.744
0.30 --undefined-- 48.998
0.31 --undefined-- 48.698
0.32 --undefined-- 47.806
0.33 --undefined-- 46.985
0.34 --undefined-- 46.741
0.35 --undefined-- 46.850
0.36 --undefined-- 46.748
0.37 --undefined-- 46.564
0.38 --undefined-- 46.327
0.39 --undefined-- 45.818
0.40 --undefined-- 45.237
0.41 --undefined-- 44.792
0.42 --undefined-- 44.501
0.43 --undefined-- 43.951
0.44 --undefined-- 43.063
0.45 --undefined-- 42.300
0.46 --undefined-- 42.222
0.47 --undefined-- 42.344
0.48 --undefined-- 41.541
0.49 --undefined-- 40.343
0.50 --undefined-- 40.117
0.51 --undefined-- 40.329
0.52 --undefined-- 39.656
0.53 --undefined-- 38.506
0.54 --undefined-- 37.470
0.55 --undefined-- 36.180
0.56 --undefined-- 35.284
0.57 --undefined-- 35.353
0.58 --undefined-- 35.568
0.59 --undefined-- 34.957
0.60 --undefined-- 33.915
0.61 --undefined-- 33.356
0.62 --undefined-- 33.471
0.63 --undefined-- 34.632
0.64 --undefined-- 35.800
0.65 --undefined-- 35.357
0.66 --undefined-- 33.386
0.67 --undefined-- 31.106
0.68 --undefined-- 29.619
0.69 --undefined-- 29.145
0.70 --undefined-- 29.408
0.71 --undefined-- 29.924
0.72 --undefined-- 30.274
0.73 --undefined-- 30.894
0.74 --undefined-- 32.059
0.75 --undefined-- 33.044
0.76 --undefined-- 32.131
0.77 --undefined-- 29.576
0.78 --undefined-- 28.258
0.79 --undefined-- 29.574
0.80 --undefined-- 32.248
0.81 --undefined-- 34.637
0.82 --undefined-- 35.105
0.83 --undefined-- 33.718
0.84 --undefined-- 31.805
0.85 --undefined-- 31.369
0.86 --undefined-- 32.174
0.87 --undefined-- 32.060
0.88 --undefined-- 31.077
0.89 --undefined-- 31.367
0.90 --undefined-- 32.578
0.91 --undefined-- 33.168
0.92 --undefined-- 33.697
0.93 --undefined-- 34.890
0.94 --undefined-- 36.065
0.95 --undefined-- 36.018
0.96 --undefined-- 34.781
0.97 --undefined-- 33.205
0.98 --undefined-- 32.838
0.99 --undefined-- 33.871
1.00 --undefined-- 33.127
1.01 --undefined-- 30.573
1.02 --undefined-- 34.746
1.03 --undefined-- 49.927
1.04 --undefined-- 63.199
1.05 --undefined-- 70.285
1.06 260.840 73.367
1.07 280.913 74.072
1.08 297.349 74.434
1.09 302.200 75.319
1.10 305.220 76.170
1.11 306.357 76.731
1.12 306.457 77.065
1.13 306.614 77.300
1.14 307.286 77.492
1.15 308.137 77.675
1.16 309.314 77.883
1.17 310.284 78.071
1.18 311.211 78.209
1.19 311.981 78.304
1.20 312.602 78.358
1.21 313.099 78.371
1.22 313.741 78.356
1.23 314.665 78.340
1.24 315.962 78.351
1.25 317.877 78.406
1.26 320.303 78.523
1.27 322.795 78.681
1.28 324.502 78.825
1.29 325.469 78.939
1.30 326.167 79.055
1.31 326.556 79.166
1.32 326.606 79.245
1.33 326.493 79.303
1.34 326.212 79.366
1.35 325.823 79.451
1.36 325.570 79.552
1.37 325.429 79.658
1.38 325.248 79.754
1.39 325.046 79.845
1.40 325.150 79.941
1.41 325.612 80.027
1.42 326.215 80.079
1.43 326.568 80.111
1.44 326.743 80.145
1.45 326.569 80.166
1.46 325.866 80.172
1.47 325.126 80.195
1.48 324.657 80.253
1.49 324.270 80.320
1.50 324.117 80.381
1.51 324.198 80.439
1.52 324.159 80.475
1.53 324.139 80.487
1.54 324.286 80.506
1.55 324.317 80.534
1.56 324.128 80.548
1.57 323.925 80.544
1.58 324.021 80.537
1.59 324.439 80.541
1.60 325.050 80.564
1.61 325.704 80.595
1.62 326.079 80.614
1.63 326.081 80.603
1.64 326.003 80.568
1.65 325.969 80.544
1.66 325.887 80.544
1.67 325.756 80.546
1.68 325.500 80.548
1.69 325.094 80.555
1.70 324.528 80.557
1.71 323.880 80.549
1.72 323.519 80.538
1.73 323.592 80.540
1.74 323.848 80.557
1.75 324.133 80.583
1.76 324.666 80.628
1.77 325.082 80.679
1.78 325.665 80.734
1.79 326.716 80.797
1.80 327.426 80.836
1.81 327.961 80.846
1.82 328.735 80.846
1.83 329.405 80.831
1.84 329.832 80.805
1.85 329.940 80.804
1.86 329.937 80.864
1.87 330.082 80.961
1.88 330.028 81.045
1.89 329.328 81.098
1.90 328.462 81.125
1.91 327.616 81.113
1.92 326.485 81.061
1.93 324.916 80.997
1.94 323.805 80.969
1.95 323.149 80.969
1.96 322.674 80.953
1.97 322.331 80.899
1.98 322.204 80.814
1.99 322.118 80.721
2.00 322.110 80.631
2.01 322.106 80.537
2.02 322.283 80.440
2.03 322.674 80.349
2.04 323.011 80.255
2.05 323.341 80.163
2.06 323.965 80.102
2.07 324.829 80.080
2.08 325.781 80.068
2.09 326.423 80.046
2.10 326.790 80.026
2.11 326.942 80.008
2.12 326.968 79.980
2.13 326.841 79.947
2.14 326.547 79.911
2.15 326.274 79.888
2.16 326.019 79.895
2.17 325.639 79.923
2.18 325.065 79.941
2.19 324.565 79.933
2.20 323.971 79.882
2.21 322.915 79.787
2.22 321.786 79.676
2.23 320.834 79.556
2.24 320.221 79.442
2.25 319.961 79.349
2.26 319.909 79.284
2.27 320.295 79.267
2.28 320.936 79.301
2.29 321.540 79.355
2.30 322.324 79.413
2.31 323.249 79.470
2.32 324.022 79.523
2.33 324.857 79.561
2.34 325.642 79.560
2.35 326.453 79.536
2.36 327.132 79.498
2.37 327.144 79.441
2.38 326.896 79.401
2.39 326.579 79.406
2.40 326.255 79.432
2.41 325.634 79.445
2.42 325.074 79.469
2.43 324.868 79.513
2.44 324.778 79.546
2.45 325.123 79.592
2.46 325.630 79.639
2.47 325.962 79.631
2.48 326.447 79.588
2.49 326.997 79.533
2.50 327.291 79.467
2.51 327.464 79.415
2.52 327.575 79.391
2.53 327.654 79.375
2.54 327.538 79.352
2.55 327.453 79.340
2.56 327.416 79.349
2.57 327.071 79.368
2.58 326.696 79.401
2.59 326.406 79.442
2.60 326.062 79.473
2.61 325.429 79.478
2.62 324.588 79.466
2.63 323.680 79.461
2.64 323.188 79.468
2.65 322.625 79.457
2.66 321.733 79.427
2.67 320.853 79.395
2.68 320.148 79.350
2.69 319.777 79.287
2.70 319.851 79.238
2.71 320.202 79.224
2.72 320.695 79.259
2.73 321.491 79.349
2.74 322.442 79.463
2.75 323.178 79.554
2.76 323.750 79.624
2.77 324.248 79.692
2.78 324.490 79.729
2.79 324.367 79.706
2.80 324.181 79.650
2.81 324.117 79.608
2.82 323.882 79.590
2.83 323.651 79.591
2.84 323.601 79.603
2.85 323.518 79.610
2.86 323.493 79.610
2.87 323.562 79.601
2.88 323.616 79.587
2.89 323.955 79.600
2.90 324.557 79.651
2.91 324.854 79.678
2.92 324.803 79.635
2.93 324.889 79.528
2.94 324.931 79.395
2.95 325.221 79.287
2.96 325.754 79.219
2.97 326.345 79.165
2.98 326.784 79.119
2.99 327.146 79.089
3.00 326.889 79.040
3.01 326.362 78.980
3.02 325.969 78.946
3.03 325.519 78.920
3.04 325.215 78.911
3.05 325.197 78.931
3.06 325.026 78.944
3.07 324.852 78.944
3.08 324.988 78.957
3.09 325.217 78.989
3.10 325.301 79.031
3.11 325.359 79.084
3.12 325.612 79.158
3.13 325.899 79.230
3.14 326.236 79.275
3.15 326.655 79.287
3.16 327.148 79.275
3.17 327.423 79.235
3.18 327.538 79.201
3.19 328.022 79.252
3.20 328.838 79.357
3.21 329.140 79.376
3.22 328.892 79.259
3.23 328.224 79.084
3.24 327.457 78.938
3.25 326.753 78.850
3.26 326.289 78.820
3.27 325.747 78.824
3.28 324.997 78.850
3.29 324.396 78.904
3.30 323.771 78.951
3.31 323.139 78.994
3.32 322.980 79.068
3.33 323.120 79.154
3.34 323.070 79.211
3.35 322.984 79.239
3.36 323.120 79.274
3.37 323.276 79.332
3.38 323.193 79.386
3.39 323.029 79.422
3.40 322.676 79.432
3.41 322.217 79.420
3.42 322.128 79.410
3.43 322.613 79.420
3.44 323.207 79.434
3.45 323.615 79.435
3.46 323.831 79.439
3.47 324.040 79.448
3.48 324.191 79.440
3.49 324.296 79.415
3.50 324.473 79.394
3.51 324.903 79.374
3.52 325.264 79.341
3.53 325.588 79.319
3.54 326.153 79.339
3.55 326.708 79.371
3.56 326.907 79.373
3.57 326.710 79.334
3.58 326.270 79.288
3.59 325.788 79.273
3.60 325.154 79.272
3.61 324.428 79.268
3.62 324.021 79.285
3.63 323.700 79.312
3.64 323.291 79.322
3.65 322.871 79.313
3.66 322.438 79.278
3.67 322.252 79.241
3.68 322.393 79.228
3.69 322.586 79.217
3.70 322.754 79.193
3.71 322.905 79.177
3.72 322.931 79.172
3.73 322.745 79.162
3.74 322.426 79.144
3.75 321.938 79.119
3.76 321.505 79.090
3.77 321.200 79.055
3.78 321.142 79.020
3.79 321.503 79.006
3.80 322.034 79.021
3.81 322.701 79.054
3.82 323.338 79.094
3.83 323.915 79.127
3.84 324.594 79.150
3.85 325.094 79.149
3.86 325.516 79.138
3.87 326.193 79.134
3.88 326.693 79.132
3.89 326.837 79.131
3.90 326.566 79.144
3.91 326.208 79.177
3.92 325.876 79.210
3.93 325.591 79.198
3.94 325.293 79.128
3.95 324.786 79.050
3.96 324.352 79.020
3.97 324.139 79.026
3.98 323.663 79.015
3.99 323.087 78.977
4.00 322.825 78.943
4.01 322.470 78.917
4.02 321.989 78.888
4.03 321.536 78.845
4.04 321.296 78.796
4.05 321.473 78.760
4.06 321.737 78.739
4.07 321.941 78.723
4.08 322.215 78.712
4.09 322.546 78.706
4.10 322.868 78.704
4.11 323.253 78.718
4.12 323.718 78.738
4.13 324.318 78.750
4.14 324.852 78.757
4.15 325.515 78.764
4.16 326.201 78.768
4.17 326.498 78.766
4.18 326.401 78.769
4.19 326.239 78.791
4.20 326.063 78.814
4.21 325.620 78.801
4.22 324.747 78.746
4.23 323.899 78.674
4.24 323.269 78.599
4.25 322.704 78.519
4.26 322.271 78.445
4.27 322.104 78.394
4.28 322.264 78.374
4.29 322.441 78.371
4.30 322.476 78.355
4.31 322.385 78.328
4.32 322.406 78.315
4.33 322.471 78.322
4.34 322.578 78.343
4.35 322.807 78.367
4.36 323.010 78.382
4.37 323.260 78.400
4.38 323.688 78.425
4.39 324.078 78.444
4.40 324.351 78.452
4.41 324.326 78.449
4.42 324.127 78.439
4.43 324.105 78.434
4.44 324.004 78.427
4.45 323.635 78.414
4.46 323.370 78.409
4.47 323.157 78.409
4.48 322.817 78.402
4.49 322.629 78.387
4.50 322.575 78.367
4.51 322.542 78.342
4.52 322.521 78.308
4.53 322.475 78.274
4.54 322.238 78.245
4.55 321.860 78.211
4.56 321.764 78.181
4.57 321.975 78.176
4.58 322.376 78.195
4.59 322.885 78.217
4.60 323.446 78.227
4.61 323.785 78.211
4.62 324.010 78.181
4.63 324.289 78.168
4.64 324.306 78.163
4.65 324.150 78.143
4.66 324.249 78.124
4.67 324.593 78.120
4.68 325.105 78.127
4.69 325.660 78.130
4.70 326.205 78.118
4.71 326.430 78.092
4.72 326.398 78.063
4.73 326.326 78.039
4.74 325.959 78.013
4.75 325.376 77.983
4.76 325.017 77.975
4.77 325.096 78.003
4.78 325.155 78.054
4.79 325.023 78.123
4.80 324.644 78.192
4.81 324.165 78.253
4.82 323.768 78.323
4.83 323.345 78.395
4.84 322.856 78.451
4.85 322.437 78.488
4.86 322.223 78.519
4.87 322.323 78.562
4.88 322.673 78.612
4.89 322.834 78.650
4.90 322.891 78.650
4.91 322.903 78.598
4.92 322.543 78.515
4.93 322.141 78.438
4.94 321.901 78.385
4.95 321.847 78.342
4.96 322.060 78.294
4.97 322.423 78.242
4.98 322.690 78.204
4.99 322.943 78.189
5.00 323.120 78.177
5.01 323.173 78.162
5.02 323.182 78.156
5.03 323.081 78.149
5.04 322.962 78.124
5.05 322.941 78.106
5.06 322.988 78.112
5.07 323.318 78.135
5.08 323.827 78.170
5.09 324.466 78.209
5.10 324.992 78.243
5.11 325.451 78.275
5.12 325.894 78.303
5.13 326.157 78.315
5.14 326.238 78.326
5.15 326.247 78.349
5.16 326.160 78.388
5.17 326.180 78.435
5.18 326.085 78.460
5.19 325.491 78.455
5.20 324.647 78.435
5.21 324.016 78.423
5.22 323.497 78.415
5.23 322.911 78.398
5.24 322.532 78.391
5.25 322.075 78.394
5.26 321.508 78.387
5.27 321.099 78.360
5.28 320.863 78.317
5.29 320.999 78.282
5.30 321.590 78.281
5.31 322.409 78.311
5.32 323.192 78.360
5.33 323.807 78.415
5.34 324.236 78.462
5.35 324.789 78.516
5.36 325.346 78.581
5.37 325.729 78.637
5.38 326.044 78.681
5.39 326.201 78.720
5.40 326.220 78.766
5.41 326.352 78.833
5.42 326.316 78.905
5.43 326.182 78.972
5.44 325.971 79.028
5.45 325.614 79.076
5.46 325.238 79.120
5.47 324.998 79.154
5.48 324.700 79.175
5.49 324.202 79.190
5.50 323.947 79.202
5.51 323.801 79.210
5.52 323.606 79.215
5.53 323.293 79.212
5.54 323.057 79.210
5.55 323.081 79.224
5.56 323.104 79.245
5.57 322.970 79.253
5.58 322.656 79.241
5.59 322.401 79.230
5.60 322.315 79.230
5.61 322.255 79.226
5.62 322.465 79.214
5.63 322.864 79.200
5.64 323.074 79.180
5.65 323.163 79.142
5.66 323.087 79.092
5.67 322.759 79.045
5.68 322.331 79.002
5.69 322.001 78.958
5.70 321.638 78.916
5.71 321.505 78.884
5.72 321.742 78.865
5.73 321.990 78.851
5.74 322.182 78.831
5.75 322.237 78.795
5.76 322.217 78.756
5.77 322.371 78.745
5.78 322.731 78.767
5.79 323.123 78.807
5.80 323.552 78.860
5.81 323.906 78.933
5.82 323.941 79.003
5.83 323.718 79.037
5.84 323.664 79.041
5.85 323.891 79.033
5.86 324.025 79.017
5.87 324.105 79.012
5.88 323.950 79.025
5.89 323.438 79.039
5.90 323.109 79.058
5.91 323.181 79.090
5.92 323.267 79.125
5.93 323.064 79.147
5.94 322.668 79.150
5.95 322.415 79.139
5.96 321.962 79.102
5.97 321.556 79.045
5.98 321.480 78.995
5.99 321.508 78.953
6.00 321.849 78.911
6.01 322.460 78.873
6.02 322.819 78.841
6.03 323.164 78.818
6.04 323.568 78.805
6.05 323.975 78.791
6.06 324.328 78.775
6.07 324.571 78.771
6.08 324.838 78.796
6.09 325.172 78.836
6.10 325.550 78.867
6.11 325.763 78.877
6.12 325.614 78.855
6.13 325.134 78.798
6.14 324.588 78.730
6.15 324.183 78.674
6.16 323.713 78.630
6.17 323.219 78.586
6.18 323.111 78.554
6.19 322.986 78.532
6.20 322.689 78.502
6.21 322.348 78.468
6.22 321.889 78.442
6.23 321.424 78.432
6.24 321.019 78.436
6.25 320.552 78.435
6.26 320.144 78.425
6.27 319.859 78.407
6.28 319.792 78.380
6.29 319.968 78.363
6.30 320.384 78.374
6.31 320.776 78.408
6.32 321.090 78.442
6.33 321.397 78.475
6.34 321.676 78.510
6.35 322.050 78.539
6.36 322.547 78.567
6.37 322.970 78.596
6.38 323.350 78.616
6.39 323.648 78.625
6.40 323.920 78.635
6.41 323.931 78.644
6.42 323.744 78.647
6.43 323.649 78.659
6.44 323.538 78.684
6.45 323.528 78.708
6.46 323.633 78.719
6.47 323.709 78.717
6.48 323.733 78.704
6.49 323.569 78.688
6.50 323.380 78.696
6.51 323.124 78.719
6.52 323.024 78.726
6.53 323.244 78.727
6.54 323.521 78.728
6.55 323.569 78.720
6.56 323.499 78.709
6.57 323.579 78.703
6.58 323.774 78.697
6.59 324.026 78.689
6.60 324.341 78.677
6.61 324.500 78.668
6.62 324.575 78.664
6.63 324.617 78.657
6.64 324.757 78.650
6.65 324.713 78.640
6.66 324.659 78.630
6.67 324.878 78.631
6.68 325.154 78.634
6.69 325.312 78.631
6.70 325.356 78.629
6.71 325.428 78.650
6.72 325.462 78.691
6.73 325.104 78.716
6.74 324.615 78.702
6.75 324.270 78.652
6.76 323.985 78.582
6.77 323.740 78.521
6.78 323.501 78.483
6.79 323.320 78.457
6.80 323.382 78.435
6.81 323.682 78.421
6.82 324.399 78.434
6.83 325.338 78.472
6.84 325.991 78.495
6.85 326.195 78.489
6.86 326.118 78.468
6.87 326.179 78.450
6.88 326.241 78.450
6.89 326.106 78.472
6.90 325.945 78.516
6.91 325.991 78.573
6.92 326.206 78.626
6.93 326.311 78.655
6.94 326.619 78.678
6.95 327.252 78.720
6.96 327.859 78.760
6.97 328.018 78.770
6.98 328.090 78.762
6.99 328.044 78.760
7.00 327.932 78.771
7.01 328.121 78.788
7.02 328.079 78.782
7.03 327.642 78.751
7.04 327.210 78.723
7.05 326.676 78.702
7.06 325.986 78.687
7.07 325.324 78.685
7.08 324.730 78.701
7.09 324.219 78.733
7.10 323.668 78.774
7.11 323.244 78.811
7.12 322.983 78.838
7.13 322.782 78.852
7.14 322.739 78.854
7.15 322.650 78.841
7.16 322.531 78.820
7.17 322.585 78.807
7.18 322.765 78.798
7.19 323.274 78.794
7.20 324.158 78.818
7.21 324.928 78.863
7.22 325.364 78.905
7.23 325.548 78.934
7.24 325.520 78.952
7.25 325.356 78.962
7.26 325.356 78.966
7.27 325.290 78.961
7.28 325.101 78.943
7.29 325.075 78.928
7.30 325.164 78.923
7.31 325.265 78.913
7.32 325.283 78.899
7.33 325.167 78.892
7.34 324.998 78.885
7.35 324.722 78.873
7.36 324.302 78.861
7.37 323.835 78.853
7.38 323.364 78.841
7.39 323.153 78.829
7.40 323.143 78.828
7.41 322.960 78.820
7.42 322.749 78.797
7.43 322.673 78.776
7.44 322.736 78.766
7.45 322.705 78.758
7.46 322.542 78.757
7.47 322.671 78.770
7.48 323.019 78.781
7.49 323.305 78.781
7.50 323.714 78.786
7.51 324.010 78.792
7.52 324.133 78.792
7.53 324.052 78.795
7.54 324.153 78.805
7.55 324.500 78.819
7.56 324.687 78.834
7.57 324.819 78.855
7.58 324.908 78.880
7.59 324.726 78.902
7.60 324.231 78.920
7.61 323.859 78.936
7.62 323.858 78.942
7.63 324.013 78.923
7.64 324.085 78.884
7.65 324.109 78.848
7.66 324.140 78.825
7.67 323.950 78.792
7.68 323.651 78.749
7.69 323.395 78.732
7.70 323.080 78.738
7.71 322.636 78.725
7.72 322.299 78.690
7.73 322.412 78.651
7.74 322.691 78.617
7.75 323.053 78.592
7.76 323.323 78.570
7.77 323.676 78.559
7.78 323.997 78.555
7.79 324.187 78.538
7.80 324.520 78.521
7.81 324.965 78.525
7.82 325.201 78.531
7.83 325.390 78.519
7.84 325.653 78.501
7.85 325.804 78.490
7.86 325.981 78.491
7.87 325.999 78.503
7.88 325.847 78.524
7.89 325.796 78.536
7.90 325.613 78.508
7.91 325.281 78.445
7.92 325.080 78.386
7.93 324.680 78.344
7.94 324.139 78.305
7.95 323.774 78.271
7.96 323.332 78.250
7.97 322.826 78.253
7.98 322.610 78.277
7.99 322.532 78.290
8.00 322.423 78.291
8.01 322.349 78.298
8.02 322.094 78.307
8.03 321.742 78.322
8.04 321.408 78.352
8.05 321.323 78.386
8.06 321.577 78.419
8.07 322.118 78.480
8.08 322.673 78.569
8.09 323.039 78.651
8.10 323.399 78.709
8.11 323.485 78.730
8.12 323.466 78.716
8.13 323.472 78.694
8.14 323.505 78.677
8.15 323.737 78.668
8.16 324.084 78.663
8.17 324.219 78.649
8.18 324.201 78.631
8.19 324.215 78.618
8.20 324.153 78.612
8.21 324.221 78.608
8.22 324.268 78.597
8.23 324.264 78.577
8.24 324.218 78.554
8.25 323.916 78.517
8.26 323.460 78.467
8.27 323.437 78.430
8.28 323.542 78.408
8.29 323.659 78.385
8.30 323.833 78.363
8.31 323.880 78.338
8.32 323.916 78.295
8.33 323.884 78.236
8.34 323.775 78.184
8.35 323.641 78.155
8.36 323.632 78.146
8.37 323.802 78.145
8.38 323.789 78.141
8.39 323.677 78.131
8.40 323.632 78.122
8.41 323.729 78.121
8.42 324.091 78.127
8.43 324.398 78.135
8.44 324.467 78.132
8.45 324.256 78.121
8.46 323.967 78.136
8.47 323.635 78.178
8.48 323.235 78.203
8.49 323.087 78.214
8.50 323.033 78.225
8.51 322.766 78.217
8.52 322.360 78.187
8.53 322.059 78.164
8.54 321.987 78.171
8.55 322.280 78.209
8.56 322.779 78.258
8.57 323.013 78.292
8.58 322.877 78.307
8.59 322.580 78.314
8.60 322.434 78.319
8.61 322.237 78.320
8.62 322.052 78.310
8.63 322.089 78.295
8.64 322.398 78.290
8.65 322.855 78.292
8.66 323.156 78.282
8.67 323.396 78.270
8.68 323.591 78.264
8.69 323.732 78.269
8.70 324.156 78.297
8.71 324.562 78.334
8.72 324.843 78.368
8.73 325.402 78.414
8.74 326.171 78.460
8.75 326.600 78.482
8.76 326.672 78.484
8.77 326.835 78.475
8.78 327.006 78.438
8.79 326.763 78.353
8.80 326.158 78.250
8.81 325.415 78.175
8.82 324.567 78.139
8.83 323.963 78.140
8.84 323.323 78.150
8.85 322.554 78.139
8.86 321.988 78.110
8.87 321.571 78.078
8.88 321.163 78.054
8.89 320.794 78.036
8.90 320.634 78.030
8.91 320.593 78.042
8.92 320.654 78.067
8.93 321.124 78.123
8.94 321.789 78.202
8.95 322.301 78.278
8.96 322.718 78.349
8.97 323.030 78.408
8.98 323.293 78.453
8.99 323.568 78.492
9.00 323.788 78.521
9.01 323.999 78.533
9.02 323.959 78.522
9.03 323.656 78.497
9.04 323.414 78.485
9.05 323.317 78.483
9.06 323.282 78.479
9.07 323.309 78.466
9.08 323.500 78.443
9.09 323.833 78.429
9.10 324.131 78.431
9.11 324.136 78.443
9.12 323.894 78.462
9.13 323.653 78.479
9.14 323.663 78.500
9.15 323.798 78.546
9.16 324.175 78.626
9.17 324.610 78.709
9.18 324.755 78.769
9.19 324.823 78.820
9.20 324.979 78.861
9.21 325.108 78.875
9.22 325.269 78.871
9.23 325.379 78.866
9.24 325.365 78.860
9.25 325.265 78.847
9.26 325.163 78.838
9.27 325.103 78.834
9.28 325.063 78.833
9.29 324.946 78.833
9.30 324.837 78.831
9.31 324.859 78.832
9.32 324.896 78.839
9.33 324.911 78.849
9.34 324.922 78.875
9.35 324.735 78.913
9.36 324.543 78.950
9.37 324.202 78.963
9.38 323.946 78.960
9.39 324.209 78.972
9.40 324.614 78.984
9.41 324.508 78.964
9.42 324.026 78.922
9.43 323.852 78.898
9.44 323.901 78.888
9.45 323.764 78.864
9.46 324.112 78.859
9.47 324.863 78.893
9.48 325.364 78.927
9.49 325.719 78.941
9.50 325.724 78.930
9.51 325.571 78.896
9.52 325.346 78.849
9.53 325.132 78.813
9.54 325.064 78.798
9.55 325.135 78.793
9.56 325.342 78.794
9.57 325.525 78.799
9.58 325.680 78.796
9.59 325.699 78.774
9.60 325.483 78.748
9.61 325.135 78.729
9.62 325.045 78.725
9.63 325.397 78.736
9.64 325.540 78.749
9.65 325.419 78.771
9.66 325.321 78.819
9.67 325.222 78.857
9.68 325.008 78.842
9.69 324.626 78.793
9.70 324.305 78.765
9.71 324.134 78.760
9.72 324.182 78.765
9.73 324.358 78.773
9.74 324.487 78.770
9.75 324.361 78.754
9.76 324.203 78.740
9.77 324.033 78.738
9.78 324.235 78.751
9.79 324.476 78.769
9.80 324.640 78.789
9.81 324.694 78.799
9.82 324.589 78.788
9.83 324.426 78.765
9.84 324.333 78.750
9.85 324.316 78.754
9.86 324.145 78.768
9.87 323.930 78.788
9.88 323.751 78.806
9.89 323.467 78.809
9.90 322.995 78.796
9.91 322.790 78.786
9.92 323.173 78.805
9.93 323.697 78.847
9.94 324.142 78.887
9.95 324.618 78.914
9.96 324.985 78.914
9.97 325.124 78.893
9.98 325.008 78.867
9.99 324.997 78.856
10.00 325.244 78.855
10.01 325.353 78.853
10.02 325.551 78.850
10.03 325.728 78.840
10.04 325.705 78.819
10.05 325.385 78.774
10.06 324.862 78.702
10.07 324.434 78.628
10.08 324.542 78.593
10.09 324.978 78.597
10.10 325.053 78.597
10.11 324.829 78.581
10.12 324.376 78.564
10.13 323.898 78.559
10.14 323.625 78.573
10.15 323.636 78.603
10.16 323.767 78.628
10.17 324.141 78.657
10.18 324.482 78.692
10.19 324.578 78.713
10.20 324.706 78.715
10.21 324.821 78.713
10.22 324.571 78.711
10.23 324.017 78.695
10.24 323.480 78.661
10.25 322.981 78.624
10.26 322.800 78.599
10.27 322.850 78.581
10.28 323.024 78.584
10.29 323.622 78.634
10.30 324.299 78.719
10.31 324.656 78.794
10.32 324.619 78.828
10.33 324.778 78.840
10.34 325.254 78.835
10.35 325.143 78.775
10.36 324.559 78.677
10.37 324.305 78.608
10.38 324.402 78.587
10.39 324.521 78.594
10.40 324.883 78.623
10.41 325.646 78.677
10.42 326.257 78.728
10.43 326.629 78.748
10.44 326.742 78.730
10.45 326.668 78.684
10.46 326.370 78.628
10.47 326.030 78.582
10.48 325.905 78.550
10.49 326.000 78.527
10.50 326.236 78.520
10.51 326.405 78.521
10.52 326.415 78.504
10.53 326.369 78.475
10.54 325.997 78.448
10.55 325.569 78.440
10.56 325.274 78.459
10.57 324.907 78.490
10.58 324.539 78.533
10.59 324.315 78.596
10.60 324.288 78.681
10.61 324.503 78.793
10.62 324.641 78.905
10.63 324.674 78.964
10.64 324.818 78.971
10.65 325.116 78.965
10.66 325.200 78.941
10.67 325.154 78.889
10.68 325.143 78.830
10.69 324.779 78.777
10.70 324.467 78.753
10.71 324.520 78.769
10.72 324.651 78.809
10.73 324.710 78.842
10.74 324.654 78.861
10.75 324.471 78.864
10.76 324.155 78.875
10.77 324.209 78.930
10.78 324.730 79.011
10.79 324.945 79.050
10.80 324.671 79.045
10.81 324.456 79.028
10.82 323.831 78.959
10.83 322.586 78.817
10.84 321.786 78.678
10.85 321.640 78.578
10.86 321.382 78.478
10.87 321.249 78.386
10.88 321.570 78.333
10.89 322.008 78.320
10.90 322.277 78.328
10.91 322.501 78.340
10.92 322.338 78.325
10.93 321.920 78.279
10.94 321.691 78.234
10.95 321.808 78.204
10.96 322.348 78.196
10.97 322.871 78.202
10.98 323.365 78.215
10.99 324.150 78.267
11.00 325.262 78.377
11.01 326.388 78.475
11.02 326.398 78.454
11.03 325.382 78.339
11.04 324.972 78.266
11.05 325.115 78.279
11.06 325.480 78.331
11.07 325.480 78.364
11.08 325.538 78.373
11.09 325.864 78.375
11.10 326.357 78.381
11.11 326.272 78.373
11.12 325.776 78.343
11.13 325.313 78.306
11.14 324.756 78.257
11.15 324.033 78.193
11.16 323.387 78.128
11.17 322.957 78.086
11.18 322.815 78.087
11.19 322.936 78.126
11.20 323.166 78.179
11.21 323.317 78.224
11.22 323.587 78.261
11.23 323.838 78.291
11.24 323.889 78.304
11.25 323.921 78.288
11.26 323.963 78.251
11.27 324.106 78.225
11.28 324.355 78.233
11.29 324.490 78.272
11.30 324.561 78.319
11.31 324.614 78.381
11.32 325.231 78.485
11.33 326.126 78.574
11.34 326.596 78.568
11.35 326.641 78.499
11.36 326.373 78.441
11.37 326.005 78.407
11.38 325.744 78.400
11.39 325.610 78.429
11.40 325.727 78.482
11.41 326.277 78.557
11.42 326.899 78.631
11.43 327.158 78.668
11.44 327.219 78.674
11.45 327.253 78.676
11.46 327.239 78.679
11.47 327.204 78.684
11.48 326.852 78.680
11.49 326.191 78.680
11.50 325.653 78.703
11.51 325.238 78.740
11.52 325.018 78.772
11.53 324.942 78.778
11.54 324.848 78.759
11.55 324.922 78.751
11.56 325.230 78.764
11.57 325.305 78.768
11.58 325.214 78.766
11.59 325.047 78.772
11.60 324.778 78.799
11.61 324.601 78.838
11.62 324.245 78.846
11.63 323.725 78.808
11.64 323.390 78.743
11.65 323.199 78.657
11.66 323.014 78.559
11.67 322.713 78.451
11.68 322.497 78.349
11.69 322.340 78.280
11.70 321.962 78.245
11.71 321.597 78.250
11.72 321.568 78.300
11.73 321.785 78.373
11.74 322.141 78.449
11.75 322.487 78.512
11.76 322.883 78.553
11.77 323.534 78.575
11.78 324.183 --undefined--
11.79 324.428 --undefined--
11.80 --undefined-- --undefined--
11.81 --undefined-- --undefined--
