0.01 --undefined-- --undefined--
0.02 --undefined-- --undefined--
0.03 --undefined-- --undefined--
0.04 --undefined-- 35.682
0.05 --undefined-- 34.919
0.06 --undefined-- 33.601
0.07 --undefined-- 32.999
0.08 --undefined-- 33.561
0.09 --undefined-- 34.437
0.10 --undefined-- 34.513
0.11 --undefined-- 33.753
0.12 --undefined-- 33.638
0.13 --undefined-- 35.116
0.14 --undefined-- 36.321
0.15 --undefined-- 35.856
0.16 --undefined-- 36.088
0.17 --undefined-- 38.092
0.18 --undefined-- 39.247
0.19 --undefined-- 39.168
0.20 --undefined-- 39.066
0.21 --undefined-- 37.338
0.22 --undefined-- 34.689
0.23 --undefined-- 34.959
0.24 --undefined-- 37.571
0.25 --undefined-- 40.218
0.26 --undefined-- 41.258
0.27 --undefined-- 39.582
0.28 --undefined-- 37.355
0.29 --undefined-- 37.037
0.30 --undefined-- 36.821
0.31 --undefined-- 34.761
0.32 --undefined-- 33.197
0.33 --undefined-- 33.282
0.34 --undefined-- 33.417
0.35 --undefined-- 33.354
0.36 --undefined-- 33.515
0.37 --undefined-- 32.963
0.38 --undefined-- 32.370
0.39 --undefined-- 34.184
0.40 --undefined-- 36.248
0.41 --undefined-- 35.421
0.42 --undefined-- 32.808
0.43 --undefined-- 32.040
0.44 --undefined-- 33.863
0.45 --undefined-- 35.777
0.46 --undefined-- 36.654
0.47 --undefined-- 37.209
0.48 --undefined-- 36.837
0.49 --undefined-- 35.476
0.50 --undefined-- 35.609
0.51 --undefined-- 36.433
0.52 --undefined-- 35.583
0.53 --undefined-- 33.712
0.54 --undefined-- 32.627
0.55 --undefined-- 34.688
0.56 --undefined-- 38.822
0.57 --undefined-- 41.090
0.58 --undefined-- 40.591
0.59 --undefined-- 40.620
0.60 --undefined-- 42.744
0.61 --undefined-- 44.793
0.62 --undefined-- 45.323
0.63 --undefined-- 44.360
0.64 --undefined-- 43.141
0.65 --undefined-- 43.019
0.66 --undefined-- 43.310
0.67 --undefined-- 43.665
0.68 --undefined-- 43.640
0.69 --undefined-- 43.018
0.70 --undefined-- 43.184
0.71 --undefined-- 42.924
0.72 --undefined-- 40.669
0.73 --undefined-- 39.535
0.74 --undefined-- 41.057
0.75 --undefined-- 42.840
0.76 --undefined-- 43.752
0.77 --undefined-- 44.033
0.78 --undefined-- 43.050
0.79 --undefined-- 40.478
0.80 --undefined-- 38.751
0.81 --undefined-- 39.843
0.82 --undefined-- 42.047
0.83 --undefined-- 43.084
0.84 --undefined-- 42.199
0.85 --undefined-- 40.193
0.86 --undefined-- 38.690
0.87 --undefined-- 38.212
0.88 --undefined-- 38.242
0.89 --undefined-- 38.070
0.90 --undefined-- 37.270
0.91 --undefined-- 35.906
0.92 --undefined-- 35.414
0.93 --undefined-- 36.872
0.94 --undefined-- 38.369
0.95 --undefined-- 38.340
0.96 --undefined-- 37.817
0.97 --undefined-- 38.221
0.98 --undefined-- 38.686
0.99 --undefined-- 37.811
1.00 --undefined-- 36.555
1.01 --undefined-- 36.355
1.02 --undefined-- 36.704
1.03 --undefined-- 37.287
1.04 --undefined-- 37.633
1.05 --undefined-- 37.157
1.06 --undefined-- 36.923
1.07 --undefined-- 37.520
1.08 --undefined-- 38.244
1.09 --undefined-- 38.406
1.10 --undefined-- 38.104
1.11 --undefined-- 37.695
1.12 --undefined-- 37.637
1.13 --undefined-- 38.554
1.14 --undefined-- 39.919
1.15 --undefined-- 40.453
1.16 --undefined-- 39.963
1.17 --undefined-- 39.539
1.18 --undefined-- 39.765
1.19 --undefined-- 40.187
1.20 --undefined-- 40.185
1.21 --undefined-- 39.901
1.22 --undefined-- 39.886
1.23 --undefined-- 40.290
1.24 --undefined-- 40.644
1.25 --undefined-- 40.677
1.26 --undefined-- 40.822
1.27 --undefined-- 41.161
1.28 --undefined-- 41.212
1.29 --undefined-- 40.798
1.30 --undefined-- 40.586
1.31 --undefined-- 41.121
1.32 --undefined-- 42.062
1.33 --undefined-- 42.622
1.34 --undefined-- 42.618
1.35 --undefined-- 42.543
1.36 --undefined-- 42.471
1.37 --undefined-- 42.470
1.38 --undefined-- 43.032
1.39 --undefined-- 43.762
1.40 --undefined-- 43.626
1.41 --undefined-- 42.785
1.42 --undefined-- 42.809
1.43 --undefined-- 44.776
1.44 --undefined-- 47.358
1.45 --undefined-- 49.495
1.46 --undefined-- 52.487
1.47 636.847 57.013
1.48 632.948 63.785
1.49 625.905 72.670
1.50 628.001 80.383
1.51 635.632 84.871
1.52 639.754 86.689
1.53 640.060 87.024
1.54 637.715 86.913
1.55 633.404 86.697
1.56 627.674 86.400
1.57 622.745 86.165
1.58 619.723 86.060
1.59 616.575 85.934
1.60 611.842 85.674
1.61 606.762 85.417
1.62 603.678 85.443
1.63 603.096 85.779
1.64 602.826 86.116
1.65 601.096 86.211
1.66 598.606 86.107
1.67 597.537 85.992
1.68 598.966 85.982
1.69 602.124 86.050
1.70 605.382 86.162
1.71 607.829 86.320
1.72 608.848 86.401
1.73 608.326 86.289
1.74 607.532 86.088
1.75 607.469 85.954
1.76 607.633 85.914
1.77 607.312 85.930
1.78 606.733 86.010
1.79 606.407 86.184
1.80 605.969 86.428
1.81 604.349 86.668
1.82 601.465 86.855
1.83 597.983 86.987
1.84 594.235 87.062
1.85 590.913 87.046
1.86 588.633 86.922
1.87 586.996 86.704
1.88 584.507 86.399
1.89 580.233 86.044
1.90 575.814 85.746
1.91 573.264 85.524
1.92 572.301 85.333
1.93 572.066 85.262
1.94 572.174 85.415
1.95 572.138 85.693
1.96 571.917 85.930
1.97 571.577 86.062
1.98 570.778 86.128
1.99 569.342 86.162
2.00 567.363 86.152
2.01 565.325 86.112
2.02 563.815 86.071
2.03 563.025 85.999
2.04 562.147 85.818
2.05 560.690 85.554
2.06 559.557 85.364
2.07 559.474 85.339
2.08 559.886 85.408
2.09 559.651 85.483
2.10 558.722 85.569
2.11 557.479 85.657
2.12 555.446 85.672
2.13 553.221 85.626
2.14 552.023 85.600
2.15 551.518 85.571
2.16 550.823 85.444
2.17 549.551 85.202
2.18 548.164 84.933
2.19 546.797 84.698
2.20 545.197 84.523
2.21 543.755 84.501
2.22 542.535 84.647
2.23 541.241 84.835
2.24 540.362 84.996
2.25 540.135 85.125
2.26 540.432 85.173
2.27 541.172 85.110
2.28 541.118 84.956
2.29 539.737 84.741
2.30 538.018 84.527
2.31 536.640 84.388
2.32 535.488 84.313
2.33 534.348 84.225
2.34 533.343 84.091
2.35 532.699 83.976
2.36 532.340 83.956
2.37 531.485 83.970
2.38 529.852 83.920
2.39 528.044 83.828
2.40 526.598 83.790
2.41 525.398 83.881
2.42 523.815 84.057
2.43 521.927 84.184
2.44 520.721 84.199
2.45 520.165 84.105
2.46 519.356 83.902
2.47 517.902 83.651
2.48 516.157 83.443
2.49 514.902 83.308
2.50 514.017 83.202
2.51 512.732 83.128
2.52 511.804 83.189
2.53 512.105 83.432
2.54 512.567 83.762
2.55 511.692 84.060
2.56 509.863 84.264
2.57 508.261 84.367
2.58 507.076 84.391
2.59 506.056 84.384
2.60 505.159 84.395
2.61 504.461 84.423
2.62 503.669 84.431
2.63 502.412 84.414
2.64 500.855 84.399
2.65 499.554 84.394
2.66 498.752 84.387
2.67 498.087 84.369
2.68 497.327 84.351
2.69 496.349 84.356
2.70 494.987 84.390
2.71 493.590 84.435
2.72 492.627 84.478
2.73 492.050 84.512
2.74 491.735 84.529
2.75 491.661 84.543
2.76 491.563 84.597
2.77 491.033 84.708
2.78 490.017 84.831
2.79 488.966 84.908
2.80 488.261 84.937
2.81 487.901 84.970
2.82 487.474 85.036
2.83 486.621 85.101
2.84 485.769 85.127
2.85 485.288 85.122
2.86 484.924 85.097
2.87 484.224 85.038
2.88 483.003 84.944
2.89 481.463 84.828
2.90 479.973 84.692
2.91 478.920 84.563
2.92 478.441 84.465
2.93 478.149 84.386
2.94 477.724 84.318
2.95 477.154 84.267
2.96 476.154 84.219
2.97 474.893 84.159
2.98 473.862 84.098
2.99 472.988 84.042
3.00 472.017 83.979
3.01 470.959 83.898
3.02 470.066 83.809
3.03 469.590 83.751
3.04 469.410 83.736
3.05 469.212 83.738
3.06 469.077 83.750
3.07 469.075 83.759
3.08 468.933 83.713
3.09 468.569 83.588
3.10 468.182 83.441
3.11 468.164 83.349
3.12 468.759 83.338
3.13 469.884 83.388
3.14 471.100 83.452
3.15 471.662 83.474
3.16 471.428 83.444
3.17 471.022 83.413
3.18 470.755 83.419
3.19 470.501 83.445
3.20 469.891 83.438
3.21 468.950 83.368
3.22 467.915 83.249
3.23 466.923 83.126
3.24 466.135 83.067
3.25 465.424 83.068
3.26 464.673 83.078
3.27 463.915 83.084
3.28 462.784 83.074
3.29 461.524 83.069
3.30 460.809 83.118
3.31 460.484 83.203
3.32 460.253 83.269
3.33 459.911 83.288
3.34 459.547 83.256
3.35 459.112 83.182
3.36 458.568 83.110
3.37 458.179 83.104
3.38 457.989 83.148
3.39 457.646 83.151
3.40 456.913 83.074
3.41 456.103 82.985
3.42 455.682 82.979
3.43 455.601 83.054
3.44 455.306 83.118
3.45 454.659 83.125
3.46 453.834 83.096
3.47 452.915 83.070
3.48 452.431 83.093
3.49 452.420 83.148
3.50 452.397 83.167
3.51 452.041 83.141
3.52 451.449 83.114
3.53 450.696 83.098
3.54 449.752 83.083
3.55 448.878 83.115
3.56 448.310 83.240
3.57 447.470 83.376
3.58 445.935 83.397
3.59 444.148 83.303
3.60 442.596 83.184
3.61 441.275 83.084
3.62 439.758 82.984
3.63 438.645 82.919
3.64 438.277 82.917
3.65 438.108 82.931
3.66 437.804 82.895
3.67 437.020 82.748
3.68 436.194 82.540
3.69 436.192 82.402
3.70 436.895 82.354
3.71 437.856 82.323
3.72 438.888 82.303
3.73 440.005 82.360
3.74 440.680 82.472
3.75 440.609 82.557
3.76 440.042 82.590
3.77 438.911 82.566
3.78 437.178 82.470
3.79 435.393 82.309
3.80 433.777 82.104
3.81 432.283 81.871
3.82 431.045 81.664
3.83 430.192 81.540
3.84 429.340 81.483
3.85 428.602 81.474
3.86 428.062 81.475
3.87 427.460 81.460
3.88 427.347 81.468
3.89 427.444 81.471
3.90 427.194 81.420
3.91 426.948 81.351
3.92 426.801 81.274
3.93 426.734 81.161
3.94 426.430 81.013
3.95 425.805 80.871
3.96 424.981 80.776
3.97 424.552 80.780
3.98 424.604 80.889
3.99 424.488 81.014
4.00 423.682 81.065
4.01 422.485 81.072
4.02 421.855 81.122
4.03 421.665 81.203
4.04 421.126 81.244
4.05 420.255 81.234
4.06 419.294 81.222
4.07 418.894 81.279
4.08 419.235 81.403
4.09 419.801 81.540
4.10 420.366 81.648
4.11 420.456 81.670
4.12 419.980 81.582
4.13 419.121 81.447
4.14 418.586 81.389
4.15 418.597 81.414
4.16 418.619 81.437
4.17 418.707 81.468
4.18 419.284 81.562
4.19 420.107 81.682
4.20 420.669 81.751
4.21 420.992 81.744
4.22 420.741 81.648
4.23 420.350 81.532
4.24 420.209 81.473
4.25 420.078 81.471
4.26 419.643 81.501
4.27 418.535 81.552
4.28 417.385 81.649
4.29 416.624 81.783
4.30 416.022 81.883
4.31 415.477 81.911
4.32 414.994 81.900
4.33 414.754 81.904
4.34 414.553 81.917
4.35 414.203 81.920
4.36 413.682 81.902
4.37 412.800 81.841
4.38 411.902 81.751
4.39 411.402 81.674
4.40 411.445 81.636
4.41 411.951 81.645
4.42 412.195 81.654
4.43 411.871 81.625
4.44 411.616 81.605
4.45 411.335 81.618
4.46 410.839 81.632
4.47 410.099 81.617
4.48 409.350 81.600
4.49 408.957 81.615
4.50 408.565 81.635
4.51 408.339 81.658
4.52 408.527 81.701
4.53 408.501 81.743
4.54 408.357 81.794
4.55 408.108 81.842
4.56 407.580 81.864
4.57 407.150 81.886
4.58 407.002 81.930
4.59 407.516 82.005
4.60 408.256 82.084
4.61 408.245 82.104
4.62 407.687 82.063
4.63 406.956 81.982
4.64 406.262 81.898
4.65 405.709 81.850
4.66 404.914 81.827
4.67 404.114 81.821
4.68 403.727 81.841
4.69 403.636 81.866
4.70 403.761 81.867
4.71 403.866 81.834
4.72 403.718 81.792
4.73 403.295 81.760
4.74 402.395 81.723
4.75 401.448 81.684
4.76 400.952 81.675
4.77 400.789 81.696
4.78 400.761 81.715
4.79 400.764 81.705
4.80 400.941 81.680
4.81 401.171 81.674
4.82 401.482 81.719
4.83 401.807 81.805
4.84 401.742 81.895
4.85 401.761 82.013
4.86 402.311 82.195
4.87 402.850 82.399
4.88 402.559 82.532
4.89 401.586 82.559
4.90 400.170 82.503
4.91 398.284 82.405
4.92 396.749 82.333
4.93 395.909 82.293
4.94 395.281 82.245
4.95 394.672 82.200
4.96 394.908 82.234
4.97 395.920 82.345
4.98 396.324 82.441
4.99 396.102 82.499
5.00 395.991 82.539
5.01 395.851 82.546
5.02 395.645 82.522
5.03 395.720 82.503
5.04 395.948 82.511
5.05 396.272 82.541
5.06 396.070 82.553
5.07 395.544 82.550
5.08 395.246 82.560
5.09 395.044 82.561
5.10 394.765 82.531
5.11 394.342 82.463
5.12 393.854 82.376
5.13 392.924 82.291
5.14 391.585 82.220
5.15 390.343 82.170
5.16 389.280 82.154
5.17 388.523 82.201
5.18 388.392 82.300
5.19 388.551 82.383
5.20 388.521 82.413
5.21 388.252 82.408
5.22 388.022 82.403
5.23 388.006 82.413
5.24 388.164 82.435
5.25 388.393 82.455
5.26 388.505 82.455
5.27 388.107 82.402
5.28 387.442 82.315
5.29 387.227 82.252
5.30 387.503 82.215
5.31 387.768 82.167
5.32 387.756 82.100
5.33 387.370 82.037
5.34 386.742 82.004
5.35 386.312 82.025
5.36 385.905 82.080
5.37 385.238 82.137
5.38 384.939 82.205
5.39 384.809 82.266
5.40 384.308 82.294
5.41 383.854 82.306
5.42 383.652 82.323
5.43 383.174 82.334
5.44 382.713 82.351
5.45 382.312 82.364
5.46 381.702 82.364
5.47 381.152 82.369
5.48 380.386 82.364
5.49 379.395 82.332
5.50 378.519 82.289
5.51 377.513 82.231
5.52 376.261 82.165
5.53 375.078 82.137
5.54 373.803 82.166
5.55 372.045 82.233
5.56 369.837 82.327
5.57 367.501 82.436
5.58 365.197 82.522
5.59 362.765 82.544
5.60 360.408 82.520
5.61 358.444 82.535
5.62 356.655 82.634
5.63 355.050 82.775
5.64 353.889 82.886
5.65 352.904 82.907
5.66 352.066 82.839
5.67 351.534 82.739
5.68 351.061 82.626
5.69 350.324 82.498
5.70 349.732 82.408
5.71 349.740 82.380
5.72 350.082 82.378
5.73 350.525 82.400
5.74 350.909 82.403
5.75 350.564 82.306
5.76 349.510 82.159
5.77 348.515 82.052
5.78 347.735 81.984
5.79 347.126 81.927
5.80 346.509 81.857
5.81 345.546 81.749
5.82 344.083 81.616
5.83 342.488 81.481
5.84 341.405 81.339
5.85 340.774 81.145
5.86 339.638 80.889
5.87 337.945 80.640
5.88 336.460 80.457
5.89 335.249 80.335
5.90 334.058 80.213
5.91 332.762 79.995
5.92 331.174 79.681
5.93 329.498 79.386
5.94 327.886 79.163
5.95 326.350 78.978
5.96 325.198 78.826
5.97 324.228 78.719
5.98 323.063 78.615
5.99 321.740 78.475
6.00 320.373 78.324
6.01 318.935 78.191
6.02 317.572 78.070
6.03 316.734 77.966
6.04 316.478 77.873
6.05 316.430 77.805
6.06 315.994 77.776
6.07 315.415 77.718
6.08 315.088 77.619
6.09 314.439 77.530
6.10 313.276 77.441
6.11 311.946 77.312
6.12 310.212 77.127
6.13 308.072 76.881
6.14 305.791 76.590
6.15 303.830 76.305
6.16 302.626 76.070
6.17 301.960 75.874
6.18 301.338 75.694
6.19 300.848 75.554
6.20 300.260 75.464
6.21 299.173 75.419
6.22 297.882 75.453
6.23 296.514 75.553
6.24 294.876 75.664
6.25 292.698 75.764
6.26 290.087 75.855
6.27 287.495 75.926
6.28 284.991 75.920
6.29 282.491 75.807
6.30 280.289 75.657
6.31 278.519 75.564
6.32 277.001 75.543
6.33 275.582 75.523
6.34 274.249 75.468
6.35 273.209 75.428
6.36 272.269 75.432
6.37 270.950 75.440
6.38 269.218 75.441
6.39 267.071 75.480
6.40 264.507 75.564
6.41 261.719 75.682
6.42 258.440 75.949
6.43 254.538 76.499
6.44 250.247 77.261
6.45 245.966 78.072
6.46 241.997 78.811
6.47 238.023 79.314
6.48 234.245 79.482
6.49 231.994 79.433
6.50 231.545 79.381
6.51 231.990 79.397
6.52 232.658 79.396
6.53 233.308 79.302
6.54 233.979 79.144
6.55 234.855 78.953
6.56 235.888 78.732
6.57 236.509 78.494
6.58 236.508 78.274
6.59 236.263 78.099
6.60 236.034 77.959
6.61 235.882 77.840
6.62 235.740 77.736
6.63 235.603 77.612
6.64 235.504 77.455
6.65 235.283 77.279
6.66 234.860 77.055
6.67 234.494 76.758
6.68 234.187 76.426
6.69 233.666 76.073
6.70 233.028 75.703
6.71 232.609 75.357
6.72 232.421 75.055
6.73 232.558 74.800
6.74 233.191 74.645
6.75 234.122 74.592
6.76 235.005 74.564
6.77 235.417 74.526
6.78 235.314 74.473
6.79 235.123 74.373
6.80 235.121 74.227
6.81 235.228 74.091
6.82 235.299 74.023
6.83 235.093 74.031
6.84 234.932 74.070
6.85 235.087 74.090
6.86 235.482 74.073
6.87 235.931 74.040
6.88 236.192 74.037
6.89 236.413 74.094
6.90 236.623 74.185
6.91 236.241 74.268
6.92 235.238 74.322
6.93 234.338 74.323
6.94 233.919 74.267
6.95 233.789 74.192
6.96 233.588 74.135
6.97 233.271 74.096
6.98 232.966 74.039
6.99 232.749 73.938
7.00 232.556 73.835
7.01 232.362 73.770
7.02 232.163 73.727
7.03 231.933 73.700
7.04 231.661 73.711
7.05 231.328 73.763
7.06 230.874 73.848
7.07 230.275 73.940
7.08 229.282 74.003
7.09 227.860 74.020
7.10 226.360 74.022
7.11 225.050 74.056
7.12 223.905 74.142
7.13 222.900 74.283
7.14 222.036 74.480
7.15 221.277 74.692
7.16 220.625 74.844
7.17 220.063 74.925
7.18 219.452 74.980
7.19 218.615 75.002
7.20 217.641 74.955
7.21 216.889 74.853
7.22 216.559 74.723
7.23 216.360 74.565
7.24 216.238 74.424
7.25 216.278 74.371
7.26 216.214 74.399
7.27 215.862 74.417
7.28 215.456 74.380
7.29 215.156 74.299
7.30 214.691 74.156
7.31 214.091 73.964
7.32 213.651 73.785
7.33 213.343 73.638
7.34 213.107 73.524
7.35 213.057 73.470
7.36 213.005 73.461
7.37 212.890 73.447
7.38 212.681 73.401
7.39 212.111 73.318
7.40 211.353 73.204
7.41 210.748 73.087
7.42 210.358 73.016
7.43 209.991 72.977
7.44 209.487 72.926
7.45 208.949 72.854
7.46 208.368 72.769
7.47 207.812 72.695
7.48 207.311 72.631
7.49 206.799 72.584
7.50 206.279 72.579
7.51 205.812 72.584
7.52 205.539 72.543
7.53 205.736 72.497
7.54 206.280 72.496
7.55 206.684 72.527
7.56 206.702 72.576
7.57 206.614 72.633
7.58 206.609 72.695
7.59 206.511 72.766
7.60 206.401 72.857
7.61 206.527 72.990
7.62 206.780 73.167
7.63 206.796 73.318
7.64 206.414 73.342
7.65 206.031 73.229
7.66 205.941 73.077
7.67 205.891 72.959
7.68 205.617 72.869
7.69 205.479 72.824
7.70 205.681 72.829
7.71 205.781 72.842
7.72 205.595 72.843
7.73 205.378 72.825
7.74 205.185 72.779
7.75 204.734 72.738
7.76 204.224 72.754
7.77 203.860 72.782
7.78 203.614 72.769
7.79 203.548 72.754
7.80 203.544 72.748
7.81 203.434 72.722
7.82 203.255 72.665
7.83 202.920 72.567
7.84 202.639 72.451
7.85 202.598 72.385
7.86 202.649 72.409
7.87 202.700 72.491
7.88 202.704 72.592
7.89 202.804 72.707
7.90 203.054 72.808
7.91 203.407 72.864
7.92 203.801 72.874
7.93 203.929 72.824
7.94 203.712 72.710
7.95 203.249 72.563
7.96 202.671 72.414
7.97 202.212 72.281
7.98 202.014 72.171
7.99 202.043 72.082
8.00 202.065 71.995
8.01 201.740 71.905
8.02 201.487 71.868
8.03 201.441 71.873
8.04 201.305 71.869
8.05 201.422 71.914
8.06 201.660 72.053
8.07 201.721 72.224
8.08 201.594 72.349
8.09 201.324 72.406
8.10 201.147 72.459
8.11 201.125 72.545
8.12 200.703 72.569
8.13 199.960 72.493
8.14 199.589 72.375
8.15 199.557 72.210
8.16 199.647 71.997
8.17 199.675 71.801
8.18 199.463 71.657
8.19 199.207 71.555
8.20 199.117 71.478
8.21 199.250 71.442
8.22 199.370 71.468
8.23 199.193 71.498
8.24 198.617 71.447
8.25 198.032 71.336
8.26 197.887 71.239
8.27 197.943 71.156
8.28 198.001 71.064
8.29 197.903 70.955
8.30 197.692 70.847
8.31 197.600 70.806
8.32 197.663 70.852
8.33 197.933 70.940
8.34 198.367 71.035
8.35 198.569 71.083
8.36 198.270 71.049
8.37 197.611 70.938
8.38 196.841 70.795
8.39 196.236 70.694
8.40 195.725 70.637
8.41 195.277 70.574
8.42 194.977 70.527
8.43 194.714 70.530
8.44 194.506 70.560
8.45 194.276 70.581
8.46 194.120 70.586
8.47 194.043 70.607
8.48 193.833 70.661
8.49 193.520 70.718
8.50 193.145 70.771
8.51 192.915 70.860
8.52 192.815 70.985
8.53 192.889 71.147
8.54 193.088 71.313
8.55 193.325 71.416
8.56 193.539 71.485
8.57 193.668 71.569
8.58 193.877 71.652
8.59 193.811 71.692
8.60 193.217 71.699
8.61 192.813 71.743
8.62 192.808 71.810
8.63 192.764 71.817
8.64 192.349 71.758
8.65 191.702 71.680
8.66 191.114 71.600
8.67 190.933 71.553
8.68 191.136 71.563
8.69 191.110 71.612
8.70 190.744 71.678
8.71 190.264 71.734
8.72 190.031 71.766
8.73 190.079 71.764
8.74 190.115 71.753
8.75 190.003 71.763
8.76 189.592 71.738
8.77 189.049 71.639
8.78 188.826 71.555
8.79 188.912 71.552
8.80 188.775 71.601
8.81 188.368 71.670
8.82 187.917 71.729
8.83 187.415 71.756
8.84 187.256 71.774
8.85 187.454 71.780
8.86 187.482 71.741
8.87 187.109 71.652
8.88 186.620 71.548
8.89 186.327 71.478
8.90 186.099 71.437
8.91 185.825 71.385
8.92 185.552 71.311
8.93 185.236 71.244
8.94 184.773 71.168
8.95 184.230 71.051
8.96 183.904 70.931
8.97 183.995 70.863
8.98 184.123 70.830
8.99 183.976 70.803
9.00 183.864 70.819
9.01 184.214 70.875
9.02 184.672 70.930
9.03 184.949 70.984
9.04 185.125 71.054
9.05 185.239 71.115
9.06 185.198 71.145
9.07 184.975 71.155
9.08 184.581 71.135
9.09 184.336 71.083
9.10 184.491 71.057
9.11 185.035 71.122
9.12 185.664 71.247
9.13 186.162 71.371
9.14 186.742 71.496
9.15 187.397 71.650
9.16 187.640 71.808
9.17 187.241 71.921
9.18 186.683 71.982
9.19 186.243 72.002
9.20 185.732 71.967
9.21 185.055 71.900
9.22 184.839 71.854
9.23 184.831 71.805
9.24 184.485 71.719
9.25 184.059 71.641
9.26 183.722 71.610
9.27 183.289 71.621
9.28 182.900 71.638
9.29 182.701 71.613
9.30 182.722 71.562
9.31 183.009 71.552
9.32 183.275 71.569
9.33 183.330 71.530
9.34 183.615 71.452
9.35 184.161 71.449
9.36 184.506 71.530
9.37 184.680 71.606
9.38 184.697 71.629
9.39 184.489 71.624
9.40 184.094 71.629
9.41 183.543 71.630
9.42 182.795 71.599
9.43 182.406 71.570
9.44 182.695 71.562
9.45 182.871 71.554
9.46 182.840 71.575
9.47 182.874 71.629
9.48 182.907 71.716
9.49 182.855 71.841
9.50 182.607 71.930
9.51 182.224 71.939
9.52 181.670 71.925
9.53 181.332 71.913
9.54 181.395 71.871
9.55 181.154 71.791
9.56 180.049 71.705
9.57 178.642 71.669
9.58 177.120 71.662
9.59 175.336 71.600
9.60 173.712 71.429
9.61 172.454 71.175
9.62 171.778 70.960
9.63 171.668 70.861
9.64 172.013 70.888
9.65 172.438 71.002
9.66 172.366 71.109
9.67 171.978 71.134
9.68 171.605 71.089
9.69 171.085 71.031
9.70 170.384 70.978
9.71 170.172 70.962
9.72 169.959 70.969
9.73 169.567 70.966
9.74 169.461 70.955
9.75 169.786 70.928
9.76 170.251 70.907
9.77 170.586 70.927
9.78 170.758 70.942
9.79 170.452 70.895
9.80 170.108 70.832
9.81 169.989 70.776
9.82 169.707 70.663
9.83 169.134 70.508
9.84 168.905 70.397
9.85 168.642 70.307
9.86 168.403 70.209
9.87 168.476 70.127
9.88 168.487 70.053
9.89 168.233 69.979
9.90 167.689 69.885
9.91 166.966 69.768
9.92 166.247 69.669
9.93 165.776 69.621
9.94 165.622 69.617
9.95 165.417 69.631
9.96 165.222 69.651
9.97 165.281 69.674
9.98 165.242 69.675
9.99 165.120 69.660
10.00 165.060 69.654
10.01 165.031 69.680
10.02 165.223 69.739
10.03 165.314 69.789
10.04 165.327 69.842
10.05 165.440 69.900
10.06 165.551 69.926
10.07 165.583 69.941
10.08 165.816 69.976
10.09 166.177 70.030
10.10 166.570 70.101
10.11 166.730 70.152
10.12 166.365 70.165
10.13 165.804 70.157
10.14 165.331 70.158
10.15 165.207 70.185
10.16 165.365 70.209
10.17 165.414 70.240
10.18 165.117 70.288
10.19 164.654 70.313
10.20 164.519 70.344
10.21 164.662 70.403
10.22 164.514 70.435
10.23 163.879 70.422
10.24 162.789 70.415
10.25 161.933 70.450
10.26 161.636 70.487
10.27 161.489 70.481
10.28 161.285 70.456
10.29 161.460 70.439
10.30 161.992 70.446
10.31 162.616 70.486
10.32 163.095 70.525
10.33 163.235 70.527
10.34 163.307 70.518
10.35 163.262 70.511
10.36 163.246 70.497
10.37 163.592 70.483
10.38 164.229 70.472
10.39 164.895 70.456
10.40 165.277 70.445
10.41 165.097 70.458
10.42 164.842 70.499
10.43 165.117 70.566
10.44 165.592 70.643
10.45 165.694 70.689
10.46 165.641 70.689
10.47 165.684 70.641
10.48 165.931 70.564
10.49 166.264 70.487
10.50 166.321 70.399
10.51 166.382 70.322
10.52 166.639 70.304
10.53 166.877 70.337
10.54 167.138 70.406
10.55 167.312 70.537
10.56 167.187 70.715
10.57 166.863 70.874
10.58 166.377 71.003
10.59 165.542 71.115
10.60 164.480 71.205
10.61 163.790 71.267
10.62 163.857 71.290
10.63 164.107 71.267
10.64 164.103 71.209
10.65 164.050 71.179
10.66 164.203 71.201
10.67 164.340 71.213
10.68 164.169 71.224
10.69 163.869 71.304
10.70 163.312 71.409
10.71 162.388 71.467
10.72 161.820 71.513
10.73 161.812 71.576
10.74 161.871 71.609
10.75 162.220 71.565
10.76 162.578 71.469
10.77 162.704 71.389
10.78 162.663 71.324
10.79 162.565 71.243
10.80 162.504 71.160
10.81 162.376 71.090
10.82 162.439 71.018
10.83 162.667 70.935
10.84 162.623 70.860
10.85 162.376 70.831
10.86 162.120 70.832
10.87 161.987 70.825
10.88 162.074 70.805
10.89 162.016 70.780
10.90 161.881 70.751
10.91 161.657 70.714
10.92 161.152 70.651
10.93 160.502 70.593
10.94 160.087 70.587
10.95 160.192 70.590
10.96 160.739 70.554
10.97 161.154 70.521
10.98 160.959 70.548
10.99 160.342 70.595
11.00 159.871 70.630
11.01 159.651 70.685
11.02 159.383 70.760
11.03 158.971 70.825
11.04 158.356 70.873
11.05 158.009 70.886
11.06 157.987 70.860
11.07 157.728 70.857
11.08 157.048 70.922
11.09 156.224 71.027
11.10 155.495 71.131
11.11 154.996 71.208
11.12 154.784 71.254
11.13 154.738 71.265
11.14 154.929 71.252
11.15 155.157 71.236
11.16 155.122 71.214
11.17 154.895 71.182
11.18 154.529 71.164
11.19 154.159 71.162
11.20 154.135 71.167
11.21 154.104 71.200
11.22 153.939 71.268
11.23 153.692 71.342
11.24 153.165 71.413
11.25 152.835 71.469
11.26 153.188 71.452
11.27 153.978 71.339
11.28 154.658 71.154
11.29 154.913 70.935
11.30 154.667 70.738
11.31 153.966 70.606
11.32 153.212 70.547
11.33 152.680 70.549
11.34 152.376 70.574
11.35 152.534 70.542
11.36 153.095 70.435
11.37 153.346 70.355
11.38 153.342 70.333
11.39 153.387 70.288
11.40 153.588 70.205
11.41 153.553 70.155
11.42 152.684 70.160
11.43 151.321 70.179
11.44 150.517 70.165
11.45 150.510 70.090
11.46 150.522 69.992
11.47 150.447 69.938
11.48 150.411 69.954
11.49 150.244 70.038
11.50 149.712 70.130
11.51 149.186 70.140
11.52 149.263 70.021
11.53 149.522 69.788
11.54 149.687 69.537
11.55 149.812 69.358
11.56 149.703 69.257
11.57 149.423 69.208
11.58 149.340 69.205
11.59 149.375 69.215
11.60 149.411 69.169
11.61 149.809 69.068
11.62 150.515 68.997
11.63 150.886 68.996
11.64 150.913 69.018
11.65 151.043 69.024
11.66 151.535 69.003
11.67 152.087 68.988
11.68 152.434 69.000
11.69 152.638 69.023
11.70 152.659 69.068
11.71 152.638 69.170
11.72 152.518 69.308
11.73 152.281 69.417
11.74 152.216 69.500
11.75 152.396 69.585
11.76 152.874 69.653
11.77 153.552 69.688
11.78 154.126 69.685
11.79 154.163 69.660
11.80 153.753 69.650
11.81 153.468 69.659
11.82 153.361 69.683
11.83 153.182 69.743
11.84 153.136 69.804
11.85 153.185 69.776
11.86 153.244 69.666
11.87 153.308 69.569
11.88 153.220 69.527
11.89 152.876 69.524
11.90 152.574 69.508
11.91 152.604 69.441
11.92 152.746 69.367
11.93 152.676 69.342
11.94 152.637 69.345
11.95 152.840 69.346
11.96 152.974 69.356
11.97 153.071 69.370
11.98 153.131 69.371
11.99 152.967 69.376
12.00 152.610 69.413
12.01 152.470 69.464
12.02 152.656 69.464
12.03 152.871 69.419
12.04 152.958 69.398
12.05 152.834 69.418
12.06 152.694 69.484
12.07 152.635 69.561
12.08 152.575 69.577
12.09 152.417 69.541
12.10 152.103 69.524
12.11 151.643 69.544
12.12 151.077 69.595
12.13 150.558 69.684
12.14 150.066 69.812
12.15 149.356 69.943
12.16 148.652 70.052
12.17 148.263 70.161
12.18 148.007 70.273
12.19 147.628 70.372
12.20 147.262 70.414
12.21 147.087 70.368
12.22 146.984 70.296
12.23 146.668 70.280
12.24 146.353 70.328
12.25 146.257 70.377
12.26 146.026 70.371
12.27 146.026 70.303
12.28 146.556 70.159
12.29 147.353 69.989
12.30 148.026 69.904
12.31 148.452 69.921
12.32 148.461 69.975
12.33 148.195 70.055
12.34 147.755 70.180
12.35 147.336 70.269
12.36 147.241 70.212
12.37 147.339 70.034
12.38 147.365 69.844
12.39 147.131 69.699
12.40 146.600 69.580
12.41 146.114 69.482
12.42 145.831 69.431
12.43 145.641 69.377
12.44 145.576 69.273
12.45 145.696 69.175
12.46 145.697 69.098
12.47 145.713 69.016
12.48 145.725 68.935
12.49 145.426 68.872
12.50 144.910 68.843
12.51 144.228 68.864
12.52 143.570 68.925
12.53 143.195 68.997
12.54 143.149 69.042
12.55 142.842 69.060
12.56 142.297 69.091
12.57 141.828 69.142
12.58 141.428 69.185
12.59 140.836 69.185
12.60 140.155 69.129
12.61 139.717 69.052
12.62 139.962 68.996
12.63 140.492 68.953
12.64 140.584 68.884
12.65 140.105 68.772
12.66 139.656 68.634
12.67 139.688 68.545
12.68 139.671 68.477
12.69 139.811 68.351
12.70 140.292 68.218
12.71 140.873 68.132
12.72 141.305 68.068
12.73 141.243 67.992
12.74 141.116 67.938
12.75 140.997 67.960
12.76 140.499 68.023
12.77 140.111 68.088
12.78 139.839 68.147
12.79 139.603 68.171
12.80 139.783 68.153
12.81 140.092 68.126
12.82 140.069 68.109
12.83 139.929 68.096
12.84 139.606 68.073
12.85 139.090 68.050
12.86 138.946 68.014
12.87 139.085 67.978
12.88 139.238 67.973
12.89 139.117 67.958
12.90 138.875 67.913
12.91 138.901 67.839
12.92 139.465 67.695
12.93 140.113 67.516
12.94 139.652 67.401
12.95 138.710 67.358
12.96 138.610 67.399
12.97 138.724 67.516
12.98 138.609 67.600
12.99 138.836 67.595
13.00 139.257 67.553
13.01 139.606 67.552
13.02 140.020 67.630
13.03 140.199 67.740
13.04 140.076 67.801
13.05 139.880 67.805
13.06 140.125 67.772
13.07 140.797 67.688
13.08 141.433 67.578
13.09 141.050 67.523
13.10 140.033 67.556
13.11 139.143 67.591
13.12 138.383 67.546
13.13 138.187 67.476
13.14 138.457 67.460
13.15 138.626 67.518
13.16 138.722 67.600
13.17 138.720 67.631
13.18 138.676 67.630
13.19 138.614 67.658
13.20 138.693 67.698
13.21 138.987 67.741
13.22 139.109 67.781
13.23 139.185 67.776
13.24 139.193 67.752
13.25 139.390 67.752
13.26 138.990 67.774
13.27 137.944 67.763
13.28 137.253 67.705
13.29 136.548 67.654
13.30 135.590 67.587
13.31 134.919 67.506
13.32 135.068 67.483
13.33 135.995 67.500
13.34 136.927 67.536
13.35 137.201 67.586
13.36 137.304 67.637
13.37 137.774 67.692
13.38 138.302 67.736
13.39 138.552 67.755
13.40 138.544 67.780
13.41 138.111 67.819
13.42 137.635 67.827
13.43 137.321 67.789
13.44 136.716 67.722
13.45 136.205 67.633
13.46 136.197 67.507
13.47 136.459 67.353
13.48 136.335 67.233
13.49 135.891 67.154
13.50 135.713 67.029
13.51 136.194 66.805
13.52 136.523 66.606
13.53 136.408 66.565
13.54 136.413 66.647
13.55 136.318 66.739
13.56 135.636 66.737
13.57 135.040 66.643
13.58 134.955 66.553
13.59 135.128 66.513
13.60 135.674 66.542
13.61 136.632 66.599
13.62 137.297 66.545
13.63 137.248 66.362
13.64 137.016 66.214
13.65 136.877 66.178
13.66 136.854 66.175
13.67 136.557 66.103
13.68 135.807 65.913
13.69 135.035 65.639
13.70 135.191 65.371
13.71 135.337 65.158
13.72 135.555 64.993
13.73 136.698 64.775
13.74 137.687 64.467
13.75 138.876 64.065
13.76 140.681 63.416
13.77 --undefined-- 63.422
13.78 131.058 64.239
13.79 134.416 64.208
13.80 --undefined-- 63.463
13.81 132.264 63.708
13.82 133.996 64.145
13.83 --undefined-- 63.695
13.84 --undefined-- 63.884
13.85 135.511 64.769
13.86 137.469 64.718
13.87 138.409 64.127
13.88 136.648 64.311
13.89 136.641 64.648
13.90 138.494 64.428
13.91 139.944 64.193
13.92 140.414 64.139
13.93 140.084 64.165
13.94 140.597 64.336
13.95 140.825 64.387
13.96 139.636 64.272
13.97 139.222 64.276
13.98 139.423 64.273
13.99 139.472 64.205
14.00 139.664 64.248
14.01 139.320 64.307
14.02 138.397 64.329
14.03 137.678 64.376
14.04 136.801 64.403
14.05 135.513 64.397
14.06 133.997 64.371
14.07 132.534 64.318
14.08 131.442 64.273
14.09 131.133 64.234
14.10 130.863 64.133
14.11 130.078 64.026
14.12 129.111 63.966
14.13 128.174 63.875
14.14 127.842 63.742
14.15 128.110 63.569
14.16 128.091 63.331
14.17 127.742 63.137
14.18 127.158 63.108
14.19 126.234 63.154
14.20 125.467 63.186
14.21 125.157 63.225
14.22 124.376 63.211
14.23 123.069 63.044
14.24 121.822 62.781
14.25 120.779 62.580
14.26 119.974 62.474
14.27 119.375 62.440
14.28 119.287 62.428
14.29 119.768 62.425
14.30 120.619 62.428
14.31 121.502 62.443
14.32 122.200 62.600
14.33 122.898 62.828
14.34 123.413 62.947
14.35 124.011 63.053
14.36 124.560 63.129
14.37 124.641 62.969
14.38 124.778 62.641
14.39 124.914 62.353
14.40 124.996 62.161
14.41 124.616 62.009
14.42 123.961 61.793
14.43 123.411 61.474
14.44 122.659 61.111
14.45 121.796 60.790
14.46 120.717 60.574
14.47 120.550 60.452
14.48 120.930 60.347
14.49 120.966 60.236
14.50 120.684 60.099
14.51 120.538 59.917
14.52 120.592 59.730
14.53 120.528 59.636
14.54 120.579 59.694
14.55 120.856 59.841
14.56 121.307 59.970
14.57 121.565 60.035
14.58 121.653 60.121
14.59 122.257 60.306
14.60 122.989 60.534
14.61 123.107 60.678
14.62 122.722 60.703
14.63 122.141 60.701
14.64 121.598 60.744
14.65 121.172 60.807
14.66 120.421 60.790
14.67 119.667 60.706
14.68 119.733 60.625
14.69 119.791 60.515
14.70 119.676 60.457
14.71 120.007 60.554
14.72 120.308 60.669
14.73 120.104 60.608
14.74 119.202 60.389
14.75 118.252 60.224
14.76 118.381 60.170
14.77 118.704 60.150
14.78 118.688 60.175
14.79 119.331 60.325
14.80 120.387 60.614
14.81 120.878 60.828
14.82 120.888 60.865
14.83 120.690 60.835
14.84 120.485 60.815
14.85 120.688 60.870
14.86 120.413 60.924
14.87 120.111 60.853
14.88 119.988 60.681
14.89 119.853 60.481
14.90 119.906 60.374
14.91 120.024 60.357
14.92 120.237 60.347
14.93 120.384 60.320
14.94 120.768 60.252
14.95 120.793 60.168
14.96 120.406 60.080
14.97 120.343 59.962
14.98 119.852 59.781
14.99 119.197 59.569
15.00 118.974 59.420
15.01 119.086 59.261
15.02 119.476 59.046
15.03 119.757 58.909
15.04 119.574 58.899
15.05 119.128 58.937
15.06 118.792 58.912
15.07 119.338 58.855
15.08 119.984 58.923
15.09 120.224 59.170
15.10 120.574 59.547
15.11 121.132 59.918
15.12 121.467 60.143
15.13 121.246 60.222
15.14 121.002 60.198
15.15 120.816 60.079
15.16 120.273 59.860
15.17 119.696 59.580
15.18 118.985 59.264
15.19 118.490 58.963
15.20 118.453 58.813
15.21 118.118 58.725
15.22 117.580 58.596
15.23 117.239 58.481
15.24 116.581 58.318
15.25 116.141 58.175
15.26 116.331 58.266
15.27 116.831 58.458
15.28 116.756 58.511
15.29 116.212 58.471
15.30 115.669 58.423
15.31 115.367 58.336
15.32 115.227 58.257
15.33 114.558 58.175
15.34 113.311 57.897
15.35 111.781 57.359
15.36 109.947 56.734
15.37 108.421 56.221
15.38 108.262 55.863
15.39 108.888 55.637
15.40 110.402 55.722
15.41 111.383 56.183
15.42 112.407 56.911
15.43 113.274 57.665
15.44 113.293 58.075
15.45 112.769 58.058
15.46 111.983 57.716
15.47 110.298 57.103
15.48 108.273 56.388
15.49 --undefined-- 55.693
15.50 --undefined-- 55.043
15.51 --undefined-- 54.668
15.52 --undefined-- 54.596
15.53 --undefined-- 54.577
15.54 --undefined-- 54.645
15.55 --undefined-- 54.767
15.56 --undefined-- 54.772
15.57 --undefined-- 54.792
15.58 --undefined-- 54.944
15.59 --undefined-- 55.136
15.60 --undefined-- 55.276
15.61 114.211 55.451
15.62 113.855 55.717
15.63 114.065 56.061
15.64 114.981 56.364
15.65 115.212 56.431
15.66 114.716 56.325
15.67 114.267 56.257
15.68 113.648 56.239
15.69 113.471 56.241
15.70 113.238 56.233
15.71 111.995 56.008
15.72 --undefined-- 55.470
15.73 --undefined-- 54.885
15.74 --undefined-- 54.606
15.75 --undefined-- 54.508
15.76 --undefined-- 54.376
15.77 --undefined-- 54.317
15.78 --undefined-- 54.364
15.79 --undefined-- 54.528
15.80 --undefined-- 54.735
15.81 --undefined-- 54.941
15.82 --undefined-- 55.109
15.83 113.204 55.221
15.84 113.634 55.461
15.85 114.383 55.899
15.86 114.265 56.397
15.87 113.903 56.764
15.88 113.507 56.792
15.89 112.986 56.489
15.90 112.968 56.116
15.91 113.676 55.992
15.92 113.776 56.069
15.93 113.059 55.929
15.94 113.655 55.610
15.95 113.861 55.457
15.96 113.465 55.350
15.97 113.244 55.086
15.98 112.645 54.807
15.99 112.899 54.683
16.00 --undefined-- 54.743
16.01 --undefined-- 54.903
16.02 --undefined-- 54.950
16.03 --undefined-- 54.841
16.04 --undefined-- 54.994
16.05 113.224 55.553
16.06 113.657 56.088
16.07 114.430 56.401
16.08 114.871 56.657
16.09 115.174 56.934
16.10 115.435 57.174
16.11 115.430 57.327
16.12 115.031 57.213
16.13 113.670 56.806
16.14 112.577 56.442
16.15 112.745 56.288
16.16 --undefined-- 56.204
16.17 --undefined-- 55.958
16.18 --undefined-- 55.572
16.19 --undefined-- 55.341
16.20 --undefined-- 55.357
16.21 --undefined-- 55.384
16.22 --undefined-- 55.224
16.23 --undefined-- 54.999
16.24 --undefined-- 54.871
16.25 --undefined-- 54.789
16.26 --undefined-- 54.653
16.27 --undefined-- 54.482
16.28 112.755 54.405
16.29 112.709 54.526
16.30 113.286 54.744
16.31 114.253 55.039
16.32 114.717 55.406
16.33 114.881 55.607
16.34 114.991 55.601
16.35 114.798 55.604
16.36 114.921 55.676
16.37 115.698 55.816
16.38 116.296 56.068
16.39 116.634 56.277
16.40 117.440 56.479
16.41 118.021 56.924
16.42 118.554 57.549
16.43 119.923 58.148
16.44 120.684 58.670
16.45 120.767 59.115
16.46 121.033 59.436
16.47 120.922 59.498
16.48 120.142 59.216
16.49 118.724 58.693
16.50 117.586 58.114
16.51 116.711 57.596
16.52 115.689 57.082
16.53 115.331 56.470
16.54 114.740 55.751
16.55 --undefined-- 55.006
16.56 --undefined-- 54.461
16.57 --undefined-- 54.233
16.58 --undefined-- 54.171
16.59 116.894 54.295
16.60 117.648 54.618
16.61 118.967 54.969
16.62 119.408 55.206
16.63 118.760 55.336
16.64 118.021 55.489
16.65 117.900 55.711
16.66 118.597 56.010
16.67 118.784 56.288
16.68 119.250 56.379
16.69 119.385 56.341
16.70 118.874 56.288
16.71 118.370 56.112
16.72 --undefined-- 55.703
16.73 --undefined-- 55.068
16.74 --undefined-- 54.347
16.75 --undefined-- 53.691
16.76 --undefined-- 52.890
16.77 --undefined-- 51.831
16.78 --undefined-- 50.833
16.79 --undefined-- 50.082
16.80 --undefined-- 49.423
16.81 --undefined-- 48.408
16.82 --undefined-- 47.175
16.83 --undefined-- 46.739
16.84 --undefined-- 46.947
16.85 --undefined-- 46.656
16.86 --undefined-- 45.642
16.87 --undefined-- 44.575
16.88 --undefined-- 44.162
16.89 --undefined-- 44.277
16.90 --undefined-- 43.848
16.91 --undefined-- 43.077
16.92 --undefined-- 42.805
16.93 --undefined-- 42.335
16.94 --undefined-- 41.920
16.95 --undefined-- 41.852
16.96 --undefined-- 41.272
16.97 --undefined-- 40.663
16.98 --undefined-- 40.355
16.99 --undefined-- 38.774
17.00 --undefined-- 35.357
17.01 --undefined-- 33.871
17.02 --undefined-- 35.886
17.03 --undefined-- 38.614
17.04 --undefined-- 39.362
17.05 --undefined-- 37.812
17.06 --undefined-- 37.439
17.07 --undefined-- 38.134
17.08 --undefined-- 37.238
17.09 --undefined-- 35.888
17.10 --undefined-- 36.160
17.11 --undefined-- 37.372
17.12 --undefined-- 38.380
17.13 --undefined-- 38.757
17.14 --undefined-- 38.358
17.15 --undefined-- 37.830
17.16 --undefined-- 38.047
17.17 --undefined-- 38.546
17.18 --undefined-- 38.667
17.19 --undefined-- 38.732
17.20 --undefined-- 38.887
17.21 --undefined-- 38.927
17.22 --undefined-- 38.477
17.23 --undefined-- 37.805
17.24 --undefined-- 38.560
17.25 --undefined-- 40.412
17.26 --undefined-- 41.353
17.27 --undefined-- 41.076
17.28 --undefined-- 40.482
17.29 --undefined-- 39.991
17.30 --undefined-- 39.570
17.31 --undefined-- 39.027
17.32 --undefined-- 38.832
17.33 --undefined-- 39.560
17.34 --undefined-- 40.128
17.35 --undefined-- 40.244
17.36 --undefined-- 40.376
17.37 --undefined-- 39.729
17.38 --undefined-- 38.254
17.39 --undefined-- 37.128
17.40 --undefined-- 36.570
17.41 --undefined-- 36.360
17.42 --undefined-- 36.469
17.43 --undefined-- 35.985
17.44 --undefined-- 34.641
17.45 --undefined-- 33.766
17.46 --undefined-- 33.489
17.47 --undefined-- 33.814
17.48 --undefined-- 35.263
17.49 --undefined-- 36.435
17.50 --undefined-- 35.515
17.51 --undefined-- 33.548
17.52 --undefined-- 32.826
17.53 --undefined-- 32.718
17.54 --undefined-- 32.405
17.55 --undefined-- 32.529
17.56 --undefined-- 32.961
17.57 --undefined-- 33.740
17.58 --undefined-- --undefined--
17.59 --undefined-- --undefined--
17.60 --undefined-- --undefined--
17.61 --undefined-- --undefined--
