0.01 --undefined-- --undefined--
0.02 --undefined-- --undefined--
0.03 --undefined-- --undefined--
0.04 --undefined-- --undefined--
0.05 --undefined-- 33.894
0.06 --undefined-- 34.433
0.07 --undefined-- 34.596
0.08 --undefined-- 36.680
0.09 --undefined-- 41.258
0.10 --undefined-- 44.378
0.11 --undefined-- 44.069
0.12 --undefined-- 42.002
0.13 --undefined-- 40.557
0.14 --undefined-- 40.472
0.15 --undefined-- 40.605
0.16 --undefined-- 39.456
0.17 --undefined-- 37.131
0.18 --undefined-- 34.943
0.19 --undefined-- 33.747
0.20 --undefined-- 33.955
0.21 --undefined-- 34.867
0.22 --undefined-- 35.261
0.23 --undefined-- 35.656
0.24 --undefined-- 37.317
0.25 --undefined-- 39.492
0.26 --undefined-- 41.737
0.27 --undefined-- 43.794
0.28 --undefined-- 44.571
0.29 --undefined-- 45.348
0.30 --undefined-- 45.988
0.31 --undefined-- 43.895
0.32 --undefined-- 38.361
0.33 --undefined-- 33.856
0.34 --undefined-- 34.531
0.35 --undefined-- 37.209
0.36 --undefined-- 38.263
0.37 --undefined-- 37.621
0.38 --undefined-- 37.515
0.39 --undefined-- 41.015
0.40 --undefined-- 45.769
0.41 --undefined-- 47.586
0.42 --undefined-- 46.279
0.43 --undefined-- 43.030
0.44 --undefined-- 39.552
0.45 --undefined-- 37.315
0.46 --undefined-- 36.376
0.47 --undefined-- 35.962
0.48 --undefined-- 35.826
0.49 --undefined-- 35.400
0.50 --undefined-- 34.353
0.51 --undefined-- 33.150
0.52 --undefined-- 32.844
0.53 --undefined-- 34.061
0.54 --undefined-- 34.985
0.55 --undefined-- 33.896
0.56 --undefined-- 32.537
0.57 --undefined-- 32.283
0.58 --undefined-- 32.024
0.59 --undefined-- 32.567
0.60 --undefined-- 34.099
0.61 --undefined-- 34.406
0.62 --undefined-- 33.086
0.63 --undefined-- 32.029
0.64 --undefined-- 32.220
0.65 --undefined-- 32.394
0.66 --undefined-- 31.684
0.67 --undefined-- 31.477
0.68 --undefined-- 32.200
0.69 --undefined-- 32.005
0.70 --undefined-- 31.110
0.71 --undefined-- 30.882
0.72 --undefined-- 30.828
0.73 --undefined-- 30.844
0.74 --undefined-- 31.648
0.75 --undefined-- 31.990
0.76 --undefined-- 30.575
0.77 --undefined-- 29.655
0.78 --undefined-- 30.539
0.79 --undefined-- 31.320
0.80 --undefined-- 31.149
0.81 --undefined-- 30.255
0.82 --undefined-- 29.301
0.83 --undefined-- 29.201
0.84 --undefined-- 30.151
0.85 --undefined-- 32.041
0.86 --undefined-- 33.643
0.87 --undefined-- 33.216
0.88 --undefined-- 31.684
0.89 --undefined-- 31.558
0.90 --undefined-- 32.143
0.91 --undefined-- 31.531
0.92 --undefined-- 30.296
0.93 --undefined-- 30.125
0.94 --undefined-- 31.249
0.95 --undefined-- 32.043
0.96 --undefined-- 31.746
0.97 --undefined-- 31.481
0.98 --undefined-- 31.711
0.99 --undefined-- 31.558
1.00 --undefined-- 31.547
1.01 --undefined-- 31.923
1.02 --undefined-- 32.300
1.03 --undefined-- 33.301
1.04 --undefined-- 34.488
1.05 --undefined-- 35.822
1.06 --undefined-- 37.164
1.07 --undefined-- 37.737
1.08 --undefined-- 41.419
1.09 --undefined-- 46.967
1.10 --undefined-- 49.261
1.11 --undefined-- 50.496
1.12 --undefined-- 52.531
1.13 603.635 52.909
1.14 550.381 52.366
1.15 491.905 56.503
1.16 505.897 64.274
1.17 527.989 70.627
1.18 528.901 74.385
1.19 530.939 75.982
1.20 538.206 76.482
1.21 545.670 76.618
1.22 551.833 76.532
1.23 558.308 76.199
1.24 566.813 75.593
1.25 576.019 74.836
1.26 585.540 73.994
1.27 598.065 73.071
1.28 607.434 72.580
1.29 611.817 72.744
1.30 612.975 73.191
1.31 609.467 73.793
1.32 604.615 74.408
1.33 601.456 74.680
1.34 601.746 74.446
1.35 603.917 74.001
1.36 606.988 73.695
1.37 610.693 73.631
1.38 612.273 73.903
1.39 612.875 74.473
1.40 614.548 75.174
1.41 614.360 75.987
1.42 610.663 76.865
1.43 604.780 77.634
1.44 598.465 78.185
1.45 591.791 78.581
1.46 584.505 78.971
1.47 579.009 79.384
1.48 577.224 79.699
1.49 577.680 79.863
1.50 578.965 79.879
1.51 582.294 79.642
1.52 588.082 79.125
1.53 593.591 78.564
1.54 597.569 78.198
1.55 601.722 78.013
1.56 605.978 77.911
1.57 603.687 78.009
1.58 595.462 78.378
1.59 590.776 78.769
1.60 588.543 79.124
1.61 584.207 79.605
1.62 579.069 80.183
1.63 574.887 80.743
1.64 572.338 81.191
1.65 570.806 81.451
1.66 569.213 81.534
1.67 568.138 81.494
1.68 567.822 81.340
1.69 567.499 81.077
1.70 566.187 80.741
1.71 563.196 80.263
1.72 558.571 79.407
1.73 553.055 78.014
1.74 547.513 76.406
1.75 544.193 75.432
1.76 544.215 75.439
1.77 544.887 75.777
1.78 545.076 75.987
1.79 545.456 76.156
1.80 545.356 76.276
1.81 543.558 76.213
1.82 540.559 75.995
1.83 537.845 75.697
1.84 535.137 75.294
1.85 532.835 74.838
1.86 531.492 74.378
1.87 529.526 73.880
1.88 527.123 73.568
1.89 525.592 73.650
1.90 524.447 73.948
1.91 523.097 74.261
1.92 521.270 74.524
1.93 519.815 74.720
1.94 519.280 74.844
1.95 517.874 74.806
1.96 514.808 74.492
1.97 510.158 73.918
1.98 504.827 73.379
1.99 501.015 73.190
2.00 498.488 73.215
2.01 496.760 73.195
2.02 497.294 73.230
2.03 500.490 73.479
2.04 503.582 73.740
2.05 503.136 73.632
2.06 500.446 73.224
2.07 499.897 73.012
2.08 500.957 73.087
2.09 500.200 73.039
2.10 497.296 72.697
2.11 495.465 72.404
2.12 495.893 72.378
2.13 495.265 72.347
2.14 491.752 72.085
2.15 488.034 71.744
2.16 486.910 71.575
2.17 487.242 71.637
2.18 487.487 71.806
2.19 486.575 71.886
2.20 484.833 71.830
2.21 483.710 71.774
2.22 483.779 71.790
2.23 484.089 71.807
2.24 484.053 71.820
2.25 484.970 71.963
2.26 486.905 72.257
2.27 488.520 72.570
2.28 488.995 72.820
2.29 488.777 73.097
2.30 488.663 73.528
2.31 488.743 74.045
2.32 487.514 74.405
2.33 483.795 74.517
2.34 478.801 74.575
2.35 474.913 74.740
2.36 472.759 74.949
2.37 471.620 75.158
2.38 471.275 75.419
2.39 471.775 75.737
2.40 471.977 76.043
2.41 470.779 76.304
2.42 469.315 76.576
2.43 467.946 76.844
2.44 466.624 77.044
2.45 466.093 77.209
2.46 466.333 77.373
2.47 466.277 77.472
2.48 465.556 77.450
2.49 464.490 77.331
2.50 463.149 77.172
2.51 461.524 77.040
2.52 459.925 76.982
2.53 457.955 76.959
2.54 455.429 76.897
2.55 453.778 76.830
2.56 453.619 76.797
2.57 453.819 76.736
2.58 453.020 76.582
2.59 451.064 76.360
2.60 448.532 76.151
2.61 446.222 75.969
2.62 444.903 75.765
2.63 444.216 75.523
2.64 443.727 75.259
2.65 444.014 74.953
2.66 444.515 74.558
2.67 444.378 74.149
2.68 444.609 73.851
2.69 445.093 73.510
2.70 444.291 72.871
2.71 443.372 72.093
2.72 444.132 71.472
2.73 445.061 70.875
2.74 444.380 70.086
2.75 444.148 69.371
2.76 446.080 69.037
2.77 447.684 68.902
2.78 448.592 68.793
2.79 450.141 68.765
2.80 450.957 68.658
2.81 450.056 68.278
2.82 448.331 67.726
2.83 445.981 67.090
2.84 440.529 66.236
2.85 432.211 65.194
2.86 425.273 64.254
2.87 421.249 63.512
2.88 419.301 63.015
2.89 419.474 62.944
2.90 421.417 63.211
2.91 424.889 63.562
2.92 428.109 63.846
2.93 428.309 63.970
2.94 427.060 64.060
2.95 427.112 64.295
2.96 427.869 64.534
2.97 427.680 64.566
2.98 425.861 64.421
2.99 423.299 64.294
3.00 423.527 64.426
3.01 428.138 64.923
3.02 434.696 65.687
3.03 441.578 66.590
3.04 446.401 67.590
3.05 450.399 68.742
3.06 455.587 69.906
3.07 460.789 70.840
3.08 464.164 71.442
3.09 463.872 71.716
3.10 462.910 71.831
3.11 462.995 71.911
3.12 462.823 71.940
3.13 462.380 71.960
3.14 460.483 71.894
3.15 456.227 71.603
3.16 452.163 71.204
3.17 448.035 70.795
3.18 443.664 70.507
3.19 441.204 70.485
3.20 439.596 70.409
3.21 436.321 69.817
3.22 429.778 68.612
3.23 421.802 67.179
3.24 416.902 66.097
3.25 311.988 65.566
3.26 206.203 65.293
3.27 206.199 65.102
3.28 206.410 64.995
3.29 205.133 64.773
3.30 202.788 64.624
3.31 198.540 64.876
3.32 193.751 65.208
3.33 191.857 65.250
3.34 191.275 65.200
3.35 189.806 65.261
3.36 189.271 65.176
3.37 190.671 64.968
3.38 192.315 64.915
3.39 193.095 64.959
3.40 193.924 64.947
3.41 197.293 64.953
3.42 202.130 65.313
3.43 206.360 66.094
3.44 156.906 67.042
3.45 105.308 68.092
3.46 106.799 69.175
3.47 107.870 70.042
3.48 108.307 70.525
3.49 108.299 70.591
3.50 107.945 70.391
3.51 107.601 70.291
3.52 107.683 70.477
3.53 108.097 70.845
3.54 108.505 71.292
3.55 108.939 71.720
3.56 108.915 71.969
3.57 107.894 71.976
3.58 107.257 71.878
3.59 107.515 71.800
3.60 107.652 71.732
3.61 107.618 71.619
3.62 107.088 71.411
3.63 106.146 71.162
3.64 105.735 70.966
3.65 105.735 70.755
3.66 105.162 70.362
3.67 104.263 69.762
3.68 103.509 69.095
3.69 103.160 68.536
3.70 103.452 68.268
3.71 104.249 68.486
3.72 104.657 68.969
3.73 104.030 69.114
3.74 103.357 68.746
3.75 103.065 68.147
3.76 102.270 67.428
3.77 101.091 66.663
3.78 100.097 66.177
3.79 100.025 66.128
3.80 100.889 66.446
3.81 101.872 66.960
3.82 102.725 67.432
3.83 103.118 67.740
3.84 103.173 67.961
3.85 103.434 68.237
3.86 103.579 68.499
3.87 103.442 68.597
3.88 103.175 68.502
3.89 102.634 68.244
3.90 102.082 67.996
3.91 101.947 68.030
3.92 102.445 68.438
3.93 258.332 69.024
3.94 416.201 69.468
3.95 414.290 69.528
3.96 410.095 69.184
3.97 404.528 68.622
3.98 400.127 68.197
3.99 399.040 68.172
4.00 399.724 68.404
4.01 399.834 68.538
4.02 397.551 68.371
4.03 391.541 67.929
4.04 385.443 67.484
4.05 382.671 67.376
4.06 380.909 67.668
4.07 379.871 68.173
4.08 381.260 68.710
4.09 384.363 69.200
4.10 387.353 69.614
4.11 390.085 69.926
4.12 392.585 70.144
4.13 394.234 70.369
4.14 395.548 70.745
4.15 398.276 71.285
4.16 401.976 71.842
4.17 404.469 72.262
4.18 404.515 72.429
4.19 402.931 72.374
4.20 400.951 72.261
4.21 398.417 72.175
4.22 395.748 72.077
4.23 392.321 71.842
4.24 388.320 71.542
4.25 385.934 71.461
4.26 384.938 71.661
4.27 384.508 71.972
4.28 383.178 72.210
4.29 380.436 72.304
4.30 377.556 72.314
4.31 375.154 72.291
4.32 373.243 72.274
4.33 372.380 72.388
4.34 373.007 72.715
4.35 375.155 73.198
4.36 378.125 73.703
4.37 381.172 74.144
4.38 384.874 74.548
4.39 389.338 74.992
4.40 394.013 75.560
4.41 398.156 76.212
4.42 401.117 76.772
4.43 402.828 77.097
4.44 403.522 77.184
4.45 403.495 77.170
4.46 403.369 77.187
4.47 403.083 77.189
4.48 402.323 77.127
4.49 401.537 77.082
4.50 400.743 77.074
4.51 399.481 76.987
4.52 397.834 76.681
4.53 395.370 76.081
4.54 391.569 75.229
4.55 387.232 74.277
4.56 383.522 73.432
4.57 380.796 72.869
4.58 379.002 72.625
4.59 377.760 72.548
4.60 376.277 72.456
4.61 374.660 72.342
4.62 373.611 72.289
4.63 372.874 72.260
4.64 371.607 72.149
4.65 369.972 71.949
4.66 369.120 71.749
4.67 369.032 71.595
4.68 369.307 71.507
4.69 370.212 71.526
4.70 371.178 71.627
4.71 371.995 71.729
4.72 372.368 71.739
4.73 371.856 71.637
4.74 370.905 71.543
4.75 370.602 71.568
4.76 371.233 71.677
4.77 371.356 71.742
4.78 370.477 71.682
4.79 368.472 71.475
4.80 366.120 71.159
4.81 365.091 70.868
4.82 365.125 70.742
4.83 365.678 70.783
4.84 366.054 70.894
4.85 366.223 71.067
4.86 366.849 71.322
4.87 367.188 71.553
4.88 366.689 71.648
4.89 365.895 71.616
4.90 365.631 71.564
4.91 365.737 71.566
4.92 365.709 71.594
4.93 365.437 71.588
4.94 364.581 71.498
4.95 363.325 71.321
4.96 362.463 71.159
4.97 362.335 71.125
4.98 362.113 71.193
4.99 361.243 71.274
5.00 360.561 71.395
5.01 360.646 71.559
5.02 360.668 71.668
5.03 360.097 71.674
5.04 359.391 71.634
5.05 359.026 71.595
5.06 358.839 71.543
5.07 357.792 71.463
5.08 356.391 71.373
5.09 355.644 71.290
5.10 355.091 71.178
5.11 354.096 71.009
5.12 353.145 70.841
5.13 353.461 70.782
5.14 354.555 70.806
5.15 355.014 70.765
5.16 354.752 70.644
5.17 355.006 70.569
5.18 355.568 70.572
5.19 355.784 70.611
5.20 355.964 70.670
5.21 356.292 70.714
5.22 356.433 70.687
5.23 355.983 70.598
5.24 355.309 70.491
5.25 355.065 70.428
5.26 355.273 70.432
5.27 354.724 70.426
5.28 265.640 70.344
5.29 175.349 70.206
5.30 174.708 70.083
5.31 174.218 70.028
5.32 173.746 70.052
5.33 173.741 70.167
5.34 173.942 70.354
5.35 173.861 70.529
5.36 173.547 70.630
5.37 173.140 70.656
5.38 172.533 70.663
5.39 171.782 70.740
5.40 171.465 70.880
5.41 171.567 71.020
5.42 171.621 71.165
5.43 171.717 71.291
5.44 171.818 71.306
5.45 171.842 71.243
5.46 171.845 71.255
5.47 171.779 71.360
5.48 171.677 71.462
5.49 171.665 71.522
5.50 171.759 71.541
5.51 171.928 71.540
5.52 172.276 71.563
5.53 172.707 71.614
5.54 172.862 71.662
5.55 172.762 71.659
5.56 172.719 71.562
5.57 172.662 71.438
5.58 172.485 71.410
5.59 172.475 71.468
5.60 172.622 71.496
5.61 172.775 71.451
5.62 172.875 71.385
5.63 172.914 71.333
5.64 172.931 71.284
5.65 172.717 71.182
5.66 172.292 71.043
5.67 171.735 71.057
5.68 171.230 71.246
5.69 170.950 71.349
5.70 170.832 71.295
5.71 170.898 71.296
5.72 170.965 71.253
5.73 170.893 70.882
5.74 170.437 70.350
5.75 169.457 69.960
5.76 168.495 69.696
5.77 167.995 69.428
5.78 167.915 69.260
5.79 168.222 69.315
5.80 168.613 69.485
5.81 168.710 69.745
5.82 168.521 70.100
5.83 168.168 70.274
5.84 167.610 70.044
5.85 166.789 69.552
5.86 166.149 69.131
5.87 165.829 68.958
5.88 165.263 68.948
5.89 164.356 69.040
5.90 163.369 69.267
5.91 162.731 69.710
5.92 162.215 70.294
5.93 161.445 70.746
5.94 160.970 71.046
5.95 160.585 71.382
5.96 160.275 71.823
5.97 160.164 72.177
5.98 159.480 72.126
5.99 158.714 71.755
6.00 158.677 71.519
6.01 158.855 71.570
6.02 158.847 71.721
6.03 158.763 71.903
6.04 158.674 72.129
6.05 158.760 72.377
6.06 159.169 72.661
6.07 159.594 72.805
6.08 160.062 72.700
6.09 160.338 72.514
6.10 160.462 72.400
6.11 160.884 72.336
6.12 161.021 72.244
6.13 161.043 72.342
6.14 161.151 72.459
6.15 160.521 72.181
6.16 159.689 71.760
6.17 159.344 71.446
6.18 159.272 71.258
6.19 159.256 71.108
6.20 159.383 70.895
6.21 159.621 70.721
6.22 159.567 70.613
6.23 159.701 70.574
6.24 160.731 70.624
6.25 161.187 70.555
6.26 160.435 70.247
6.27 160.239 69.960
6.28 160.656 69.789
6.29 161.964 69.689
6.30 163.089 70.715
6.31 --undefined-- 73.007
6.32 567.548 74.909
6.33 564.648 75.678
6.34 558.818 74.992
6.35 558.624 73.311
6.36 559.681 72.683
6.37 555.030 73.112
6.38 553.861 73.317
6.39 560.137 73.359
6.40 565.057 72.829
6.41 566.448 72.027
6.42 569.416 72.402
6.43 570.297 72.894
6.44 554.337 72.335
6.45 538.470 72.525
6.46 540.081 73.900
6.47 541.339 74.579
6.48 535.499 73.610
6.49 527.436 72.356
6.50 514.565 72.444
6.51 505.366 73.159
6.52 507.802 73.782
6.53 515.900 75.102
6.54 520.541 76.361
6.55 512.130 76.497
6.56 499.230 76.389
6.57 490.737 76.179
6.58 484.934 75.622
6.59 485.128 75.248
6.60 487.778 74.946
6.61 --undefined-- 74.434
6.62 74.913 73.499
6.63 75.480 71.973
6.64 113.869 70.415
6.65 153.219 69.531
6.66 154.291 69.261
6.67 155.237 69.383
6.68 155.864 69.693
6.69 155.440 70.013
6.70 154.462 70.469
6.71 153.007 70.970
6.72 151.377 71.336
6.73 150.662 71.517
6.74 150.619 71.500
6.75 150.538 71.338
6.76 149.835 71.096
6.77 148.490 70.790
6.78 147.643 70.555
6.79 147.891 70.538
6.80 148.418 70.725
6.81 148.617 71.030
6.82 148.846 71.290
6.83 149.450 71.403
6.84 150.183 71.382
6.85 150.561 71.264
6.86 150.455 71.137
6.87 150.097 71.080
6.88 149.622 71.068
6.89 149.623 71.079
6.90 150.193 71.187
6.91 150.534 71.336
6.92 150.356 71.382
6.93 149.895 71.397
6.94 149.469 71.375
6.95 149.170 71.261
6.96 148.745 71.179
6.97 148.035 71.107
6.98 147.251 70.986
6.99 146.603 70.970
7.00 122.088 71.199
7.01 97.217 71.569
7.02 96.766 71.824
7.03 96.422 71.918
7.04 96.310 71.958
7.05 96.548 71.871
7.06 96.869 71.653
7.07 97.067 71.421
7.08 97.263 71.249
7.09 97.151 71.256
7.10 96.816 71.411
7.11 96.639 71.607
7.12 96.625 71.850
7.13 96.680 72.007
7.14 96.705 71.991
7.15 96.687 71.995
7.16 96.656 72.046
7.17 96.870 71.929
7.18 97.255 71.649
7.19 97.327 71.405
7.20 97.082 71.231
7.21 96.977 71.075
7.22 96.746 71.001
7.23 96.208 71.119
7.24 95.904 71.373
7.25 96.042 71.489
7.26 96.350 71.390
7.27 96.418 71.292
7.28 96.503 71.194
7.29 96.761 71.052
7.30 97.068 71.017
7.31 97.267 71.085
7.32 97.321 71.016
7.33 97.549 70.783
7.34 97.562 70.670
7.35 85.274 70.639
7.36 72.981 70.518
7.37 73.103 70.445
7.38 73.215 70.358
7.39 85.304 70.170
7.40 97.468 70.202
7.41 97.707 70.280
7.42 98.472 70.070
7.43 98.565 70.005
7.44 98.219 70.339
7.45 97.632 70.847
7.46 97.322 71.105
7.47 121.122 71.161
7.48 144.058 71.484
7.49 143.396 71.803
7.50 143.773 71.842
7.51 143.576 71.912
7.52 142.762 72.361
7.53 141.870 73.051
7.54 141.735 73.656
7.55 211.289 74.381
7.56 280.891 75.329
7.57 279.681 76.072
7.58 278.939 76.512
7.59 276.804 77.033
7.60 273.650 77.642
7.61 271.959 77.999
7.62 271.908 78.050
7.63 272.627 77.990
7.64 273.187 78.043
7.65 273.019 78.266
7.66 272.686 78.576
7.67 272.109 78.983
7.68 270.769 79.423
7.69 268.797 79.640
7.70 267.194 79.466
7.71 265.965 78.841
7.72 264.796 77.706
7.73 264.447 76.387
7.74 265.196 75.483
7.75 266.042 75.041
7.76 266.082 74.610
7.77 266.444 74.038
7.78 267.577 73.580
7.79 268.207 73.232
7.80 267.954 72.721
7.81 267.201 72.214
7.82 266.371 72.080
7.83 263.324 72.278
7.84 261.773 72.606
7.85 264.487 72.737
7.86 266.404 72.394
7.87 396.805 71.667
7.88 527.600 72.032
7.89 533.614 73.980
7.90 544.063 75.146
7.91 548.063 74.424
7.92 546.588 73.306
7.93 536.966 72.794
7.94 534.467 72.264
7.95 535.612 71.652
7.96 526.944 71.521
7.97 524.834 71.441
7.98 530.706 71.426
7.99 537.916 71.878
8.00 543.522 72.203
8.01 540.679 72.216
8.02 526.247 71.910
8.03 512.844 71.476
8.04 512.222 71.072
8.05 515.802 70.722
8.06 514.756 70.860
8.07 508.564 70.784
8.08 516.382 71.589
8.09 530.236 74.031
8.10 525.180 75.794
8.11 516.784 75.816
8.12 517.651 73.881
8.13 520.141 70.616
8.14 515.246 68.865
8.15 508.206 68.622
8.16 496.937 67.598
8.17 496.322 66.655
8.18 512.416 66.732
8.19 516.399 67.846
8.20 512.654 70.120
8.21 511.537 72.035
8.22 505.502 71.842
8.23 499.963 69.990
8.24 --undefined-- 69.211
8.25 127.175 70.444
8.26 128.663 71.502
8.27 128.734 71.652
8.28 128.971 71.732
8.29 129.216 71.972
8.30 128.125 72.540
8.31 125.572 73.711
8.32 123.151 75.468
8.33 121.985 77.500
8.34 121.382 79.098
8.35 120.929 79.957
8.36 120.736 80.325
8.37 120.805 80.461
8.38 120.976 80.455
8.39 120.919 80.263
8.40 120.694 79.848
8.41 120.454 79.213
8.42 120.294 78.354
8.43 120.111 77.224
8.44 119.653 75.781
8.45 119.292 74.339
8.46 119.363 73.594
8.47 119.605 73.745
8.48 119.677 74.225
8.49 119.390 74.561
8.50 118.771 74.610
8.51 118.067 74.342
8.52 117.349 73.638
8.53 116.326 72.063
8.54 114.996 70.050
8.55 113.507 69.310
8.56 112.813 69.719
8.57 112.849 69.576
8.58 112.883 68.754
8.59 113.454 68.153
8.60 113.472 68.337
8.61 112.003 69.043
8.62 110.982 69.549
8.63 --undefined-- 69.944
8.64 496.554 70.398
8.65 490.090 70.499
8.66 492.000 70.512
8.67 496.003 70.386
8.68 --undefined-- 69.821
8.69 109.168 68.958
8.70 110.667 67.700
8.71 109.509 67.069
8.72 107.860 67.793
8.73 --undefined-- 69.037
8.74 484.020 70.233
8.75 483.795 70.980
8.76 483.263 70.830
8.77 478.793 70.773
8.78 480.667 71.758
8.79 477.906 72.349
8.80 472.722 71.550
8.81 481.057 70.950
8.82 493.428 71.365
8.83 487.683 71.380
8.84 473.772 71.305
8.85 473.446 72.366
8.86 481.682 73.204
8.87 485.525 72.464
8.88 474.183 71.238
8.89 461.928 70.654
8.90 471.007 70.239
8.91 494.652 70.175
8.92 510.295 70.481
8.93 511.563 69.646
8.94 --undefined-- 67.489
8.95 70.696 66.396
8.96 70.450 67.110
8.97 --undefined-- 68.131
8.98 520.748 69.139
8.99 517.323 69.058
9.00 510.073 66.980
9.01 515.069 64.718
9.02 520.900 63.477
9.03 517.676 62.826
9.04 520.424 62.734
9.05 526.966 62.619
9.06 528.910 61.892
9.07 528.906 61.578
9.08 528.368 62.038
9.09 527.248 62.464
9.10 522.271 62.541
9.11 511.694 62.335
9.12 502.425 62.255
9.13 504.242 62.735
9.14 514.591 63.871
9.15 516.970 64.723
9.16 514.494 64.259
9.17 521.287 63.047
9.18 525.886 62.063
9.19 528.116 61.636
9.20 535.201 61.583
9.21 541.012 60.888
9.22 542.660 60.646
9.23 541.890 61.116
9.24 543.109 60.592
9.25 543.849 60.970
9.26 543.466 61.888
9.27 541.886 61.906
9.28 541.390 62.028
9.29 544.871 62.240
9.30 547.893 62.417
9.31 547.126 62.362
9.32 542.588 62.429
9.33 534.987 62.588
9.34 523.287 61.793
9.35 516.102 60.586
9.36 --undefined-- 62.271
9.37 --undefined-- 66.177
9.38 531.270 68.442
9.39 543.151 68.759
9.40 549.340 68.277
9.41 530.308 67.469
9.42 504.252 66.208
9.43 496.453 65.419
9.44 505.533 66.179
9.45 508.181 66.873
9.46 502.959 66.775
9.47 510.935 67.916
9.48 523.156 69.453
9.49 524.975 69.654
9.50 --undefined-- 69.759
9.51 145.058 70.317
9.52 146.251 70.253
9.53 --undefined-- 69.610
9.54 --undefined-- 69.537
9.55 538.316 69.866
9.56 513.934 70.303
9.57 494.445 71.076
9.58 500.065 71.717
9.59 506.678 72.178
9.60 513.798 72.432
9.61 509.344 72.466
9.62 502.991 72.054
9.63 506.286 71.034
9.64 --undefined-- 70.349
9.65 112.985 69.862
9.66 114.483 69.345
9.67 172.032 69.869
9.68 228.309 70.943
9.69 226.674 71.576
9.70 226.219 72.076
9.71 226.313 72.554
9.72 225.537 72.695
9.73 224.652 72.619
9.74 224.765 72.689
9.75 225.115 72.890
9.76 225.869 73.108
9.77 226.738 73.282
9.78 226.723 73.266
9.79 226.078 73.042
9.80 225.144 72.724
9.81 224.190 72.426
9.82 223.184 72.204
9.83 222.454 72.173
9.84 222.554 72.457
9.85 222.675 72.857
9.86 221.897 73.104
9.87 220.873 73.317
9.88 220.456 73.712
9.89 220.354 74.234
9.90 220.259 74.749
9.91 220.010 75.123
9.92 218.979 75.120
9.93 216.958 74.583
9.94 214.891 73.666
9.95 213.065 72.638
9.96 211.303 71.719
9.97 210.124 71.131
9.98 210.008 70.889
9.99 209.574 70.608
10.00 207.963 70.050
10.01 206.838 69.616
10.02 206.829 69.610
10.03 206.550 69.668
10.04 204.755 69.274
10.05 202.502 68.410
10.06 201.535 67.631
10.07 201.778 67.390
10.08 202.320 67.576
10.09 202.743 67.925
10.10 202.978 68.264
10.11 202.731 68.450
10.12 201.930 68.538
10.13 201.327 68.681
10.14 199.874 68.575
10.15 198.030 68.015
10.16 197.560 67.631
10.17 197.076 67.652
10.18 195.455 67.503
10.19 193.040 67.077
10.20 191.718 66.933
10.21 191.433 67.240
10.22 190.791 67.508
10.23 189.368 67.392
10.24 187.883 67.051
10.25 187.739 66.880
10.26 188.942 67.074
10.27 190.160 67.448
10.28 190.300 67.646
10.29 190.173 67.597
10.30 190.387 67.527
10.31 190.888 67.659
10.32 192.269 68.076
10.33 194.049 68.599
10.34 194.268 68.835
10.35 193.320 68.700
10.36 192.644 68.588
10.37 192.647 68.732
10.38 192.608 68.955
10.39 192.298 69.064
10.40 191.434 68.941
10.41 189.906 68.591
10.42 189.035 68.445
10.43 189.012 68.711
10.44 189.042 69.011
10.45 188.654 69.046
10.46 187.402 68.852
10.47 187.129 68.954
10.48 188.027 69.592
10.49 188.232 70.268
10.50 188.016 70.675
10.51 187.402 70.850
10.52 186.889 70.966
10.53 187.540 71.269
10.54 188.096 71.600
10.55 186.126 71.316
10.56 181.843 70.011
10.57 176.755 68.031
10.58 172.069 66.314
10.59 168.254 65.424
10.60 164.987 64.958
10.61 164.382 64.640
10.62 165.710 64.652
10.63 166.382 64.879
10.64 167.221 65.082
10.65 168.358 65.193
10.66 168.131 65.065
10.67 165.069 64.608
10.68 164.021 64.264
10.69 173.564 64.429
10.70 137.183 64.683
10.71 91.739 64.667
10.72 91.961 64.619
10.73 92.343 64.749
10.74 93.009 65.034
10.75 93.483 65.436
10.76 91.832 66.262
10.77 90.124 67.521
10.78 --undefined-- 68.107
10.79 426.129 67.616
10.80 429.060 67.931
10.81 430.733 69.551
10.82 421.743 70.627
10.83 408.434 70.247
10.84 404.758 68.845
10.85 408.492 67.574
10.86 413.550 67.495
10.87 418.835 68.261
10.88 424.037 68.669
10.89 422.386 68.790
10.90 419.835 69.414
10.91 426.516 70.380
10.92 432.241 70.695
10.93 429.350 70.322
10.94 421.728 70.121
10.95 418.786 69.949
10.96 419.942 69.276
10.97 420.858 68.453
10.98 420.113 68.707
10.99 419.311 69.175
11.00 418.415 69.053
11.01 417.803 69.410
11.02 417.545 69.841
11.03 418.502 69.912
11.04 419.858 70.063
11.05 416.456 70.561
11.06 413.085 70.868
11.07 412.185 70.363
11.08 413.407 69.358
11.09 417.511 68.951
11.10 419.149 69.008
11.11 420.613 68.670
11.12 421.780 68.659
11.13 418.223 68.837
11.14 414.162 69.049
11.15 413.164 69.578
11.16 411.988 70.140
11.17 409.162 70.816
11.18 407.145 71.265
11.19 405.941 71.341
11.20 408.998 71.718
11.21 409.537 72.595
11.22 401.334 73.314
11.23 398.543 73.998
11.24 405.482 74.499
11.25 410.189 74.068
11.26 403.015 73.663
11.27 394.245 74.384
11.28 395.089 75.004
11.29 397.344 74.595
11.30 --undefined-- 73.554
11.31 89.441 72.689
11.32 88.348 72.466
11.33 88.874 72.310
11.34 90.125 71.704
11.35 94.240 70.829
11.36 98.955 70.520
11.37 100.593 70.943
11.38 101.001 71.082
11.39 97.986 70.494
11.40 95.794 69.929
11.41 87.200 69.882
11.42 77.333 70.072
11.43 --undefined-- 69.740
11.44 --undefined-- 68.173
11.45 74.349 67.218
11.46 73.059 67.830
11.47 72.208 68.028
11.48 --undefined-- 67.551
11.49 80.888 67.417
11.50 85.504 68.160
11.51 89.409 69.778
11.52 88.934 71.154
11.53 88.747 71.389
11.54 87.882 71.171
11.55 87.654 71.326
11.56 88.137 71.760
11.57 86.245 72.037
11.58 83.911 72.015
11.59 82.700 71.774
11.60 82.411 71.416
11.61 82.623 71.036
11.62 83.762 70.814
11.63 84.176 70.604
11.64 83.607 69.964
11.65 84.776 69.094
11.66 86.075 68.418
11.67 86.766 67.919
11.68 87.642 67.667
11.69 88.350 67.820
11.70 88.526 68.204
11.71 87.985 68.503
11.72 87.638 68.684
11.73 87.289 68.786
11.74 86.767 68.841
11.75 86.802 69.001
11.76 86.974 69.253
11.77 86.439 69.425
11.78 86.065 69.545
11.79 85.991 69.700
11.80 85.597 69.820
11.81 85.117 69.841
11.82 84.402 69.719
11.83 83.753 69.437
11.84 83.214 69.024
11.85 82.864 68.527
11.86 83.300 68.109
11.87 83.905 67.955
11.88 84.449 68.071
11.89 84.478 68.275
11.90 84.226 68.487
11.91 84.271 68.764
11.92 84.241 69.066
11.93 84.144 69.344
11.94 83.965 69.577
11.95 83.798 69.726
11.96 83.518 69.769
11.97 83.230 69.730
11.98 83.069 69.663
11.99 82.799 69.588
12.00 82.660 69.509
12.01 82.868 69.481
12.02 82.960 69.545
12.03 82.870 69.654
12.04 82.633 69.718
12.05 81.969 69.712
12.06 81.409 69.669
12.07 81.026 69.639
12.08 81.106 69.681
12.09 81.576 69.763
12.10 81.606 69.797
12.11 81.272 69.789
12.12 80.820 69.760
12.13 80.342 69.695
12.14 79.923 69.583
12.15 79.614 69.456
12.16 79.398 69.320
12.17 79.508 69.127
12.18 79.643 68.870
12.19 79.483 68.630
12.20 79.069 68.442
12.21 78.285 68.251
12.22 77.368 68.037
12.23 76.027 67.769
12.24 74.300 67.380
12.25 72.981 66.918
12.26 73.093 66.639
12.27 73.793 66.757
12.28 73.779 67.094
12.29 73.649 67.257
12.30 72.579 66.781
12.31 72.470 65.798
12.32 75.309 65.224
12.33 77.216 64.581
12.34 --undefined-- 64.133
12.35 --undefined-- 64.893
12.36 --undefined-- 65.281
12.37 --undefined-- 64.578
12.38 --undefined-- 64.204
12.39 73.001 64.526
12.40 72.469 64.864
12.41 72.147 65.112
12.42 71.957 65.305
12.43 71.716 65.329
12.44 71.417 65.279
12.45 71.259 65.241
12.46 71.285 65.158
12.47 71.118 64.965
12.48 71.399 64.693
12.49 72.338 64.433
12.50 73.324 64.168
12.51 111.406 63.843
12.52 149.594 63.460
12.53 149.228 63.115
12.54 149.205 62.986
12.55 150.100 63.033
12.56 151.182 63.103
12.57 152.172 63.171
12.58 152.489 63.239
12.59 152.128 63.318
12.60 151.724 63.443
12.61 151.389 63.619
12.62 151.060 63.800
12.63 149.484 63.909
12.64 146.569 63.960
12.65 144.034 64.031
12.66 142.977 64.149
12.67 142.745 64.307
12.68 142.567 64.456
12.69 142.531 64.567
12.70 142.604 64.654
12.71 143.007 64.729
12.72 143.747 64.804
12.73 144.718 64.891
12.74 145.975 64.986
12.75 147.986 65.017
12.76 150.438 64.877
12.77 151.978 64.671
12.78 152.401 64.607
12.79 152.257 64.590
12.80 151.702 64.462
12.81 151.231 64.269
12.82 151.259 64.117
12.83 151.702 64.051
12.84 152.029 63.999
12.85 152.231 63.965
12.86 152.628 64.054
12.87 153.273 64.335
12.88 154.214 64.781
12.89 153.677 65.155
12.90 148.753 65.202
12.91 142.425 65.053
12.92 139.236 65.029
12.93 138.240 65.091
12.94 138.342 65.068
12.95 138.945 65.009
12.96 139.263 64.966
12.97 139.412 64.938
12.98 139.434 64.965
12.99 139.323 65.043
13.00 139.465 65.162
13.01 139.682 65.324
13.02 139.636 65.459
13.03 139.475 65.480
13.04 139.381 65.420
13.05 139.495 65.384
13.06 139.783 65.380
13.07 139.839 65.357
13.08 139.613 65.322
13.09 139.374 65.339
13.10 139.126 65.429
13.11 139.163 65.495
13.12 139.481 65.501
13.13 139.807 65.516
13.14 140.650 65.530
13.15 142.051 65.483
13.16 143.621 65.382
13.17 145.666 65.257
13.18 147.909 65.146
13.19 148.916 65.087
13.20 111.381 65.042
13.21 73.214 65.015
13.22 73.541 65.064
13.23 74.338 64.974
13.24 74.748 64.272
13.25 74.789 62.939
13.26 --undefined-- 62.041
13.27 --undefined-- 62.057
13.28 --undefined-- 62.090
13.29 --undefined-- 62.011
13.30 73.409 62.099
13.31 71.607 62.378
13.32 70.838 63.074
13.33 70.965 63.755
13.34 71.028 63.998
13.35 70.590 64.082
13.36 70.158 64.170
13.37 104.674 64.266
13.38 139.337 64.435
13.39 137.957 64.679
13.40 135.917 64.914
13.41 133.863 65.081
13.42 132.864 65.216
13.43 132.656 65.326
13.44 132.748 65.341
13.45 132.998 65.256
13.46 133.508 65.180
13.47 134.682 65.170
13.48 136.226 65.189
13.49 136.960 65.232
13.50 137.642 65.229
13.51 139.710 65.085
13.52 141.908 64.797
13.53 142.924 64.366
13.54 143.360 63.881
13.55 144.203 63.563
13.56 143.629 63.505
13.57 140.050 63.611
13.58 137.034 63.558
13.59 136.957 63.356
13.60 135.324 63.603
13.61 134.087 64.127
13.62 135.417 64.337
13.63 135.883 64.320
13.64 136.710 64.200
13.65 139.114 64.131
13.66 140.288 64.384
13.67 140.868 64.720
13.68 142.324 64.773
13.69 142.408 64.668
13.70 141.588 64.668
13.71 140.466 64.795
13.72 139.403 64.953
13.73 138.221 65.181
13.74 137.282 65.446
13.75 137.278 65.573
13.76 137.815 65.535
13.77 138.331 65.428
13.78 139.943 65.286
13.79 141.252 65.075
13.80 140.810 64.688
13.81 139.595 64.110
13.82 137.500 63.597
13.83 135.681 63.344
13.84 134.499 63.223
13.85 133.849 63.123
13.86 134.045 63.079
13.87 134.442 63.070
13.88 134.540 63.049
13.89 134.582 63.001
13.90 134.806 62.906
13.91 135.019 62.795
13.92 134.804 62.706
13.93 133.920 62.608
13.94 132.541 62.476
13.95 131.189 62.352
13.96 130.003 62.289
13.97 128.914 62.193
13.98 127.847 61.940
13.99 126.597 61.571
14.00 125.540 61.156
14.01 124.497 60.771
14.02 123.275 60.531
14.03 123.153 60.498
14.04 124.609 60.707
14.05 126.110 61.097
14.06 126.989 61.453
14.07 127.483 61.632
14.08 127.337 61.660
14.09 126.880 61.552
14.10 126.663 61.269
14.11 126.355 60.851
14.12 125.795 60.439
14.13 125.378 60.145
14.14 125.155 59.950
14.15 124.969 59.814
14.16 124.854 59.693
14.17 125.057 59.631
14.18 125.566 59.702
14.19 126.056 59.810
14.20 126.442 59.885
14.21 126.590 59.887
14.22 126.022 59.796
14.23 125.345 59.717
14.24 125.231 59.630
14.25 125.328 59.410
14.26 125.429 59.188
14.27 125.346 59.137
14.28 125.595 59.182
14.29 126.268 59.147
14.30 126.538 59.132
14.31 126.971 59.421
14.32 128.015 59.903
14.33 129.234 60.266
14.34 129.994 60.458
14.35 130.264 60.595
14.36 129.983 60.678
14.37 128.555 60.642
14.38 127.462 60.498
14.39 127.223 60.191
14.40 126.390 59.709
14.41 125.889 59.202
14.42 125.932 58.799
14.43 126.002 58.549
14.44 126.197 58.391
14.45 125.919 58.229
14.46 126.115 58.125
14.47 126.491 58.117
14.48 126.238 58.002
14.49 125.487 57.683
14.50 125.188 57.390
14.51 125.690 57.167
14.52 125.969 56.888
14.53 125.662 56.599
14.54 125.025 56.466
14.55 124.891 56.537
14.56 125.794 56.631
14.57 126.832 56.720
14.58 127.042 56.941
14.59 127.038 57.254
14.60 126.713 57.453
14.61 126.023 57.401
14.62 125.549 57.130
14.63 125.044 56.798
14.64 125.070 56.607
14.65 125.196 56.372
14.66 123.744 55.645
14.67 122.279 54.545
14.68 122.807 53.351
14.69 122.737 51.914
14.70 121.855 50.151
14.71 --undefined-- 47.999
14.72 --undefined-- 45.338
14.73 --undefined-- 42.212
14.74 --undefined-- 39.754
14.75 --undefined-- 38.927
14.76 --undefined-- 38.911
14.77 --undefined-- 38.573
14.78 --undefined-- 37.709
14.79 --undefined-- 37.206
14.80 --undefined-- 37.692
14.81 --undefined-- 38.450
14.82 --undefined-- 38.671
14.83 --undefined-- 38.512
14.84 --undefined-- 38.264
14.85 --undefined-- 37.565
14.86 --undefined-- 36.706
14.87 --undefined-- 36.761
14.88 --undefined-- 37.294
14.89 --undefined-- 38.086
14.90 --undefined-- 39.504
14.91 --undefined-- 40.957
14.92 --undefined-- 41.816
14.93 --undefined-- 41.397
14.94 --undefined-- 40.281
14.95 --undefined-- 40.303
14.96 --undefined-- 41.400
14.97 --undefined-- 41.837
14.98 --undefined-- 40.747
14.99 --undefined-- 39.133
15.00 --undefined-- 38.150
15.01 --undefined-- 37.776
15.02 --undefined-- 37.873
15.03 --undefined-- 38.305
15.04 --undefined-- 38.909
15.05 --undefined-- 39.388
15.06 --undefined-- 39.222
15.07 --undefined-- 38.634
15.08 --undefined-- 38.683
15.09 --undefined-- 39.204
15.10 --undefined-- 39.369
15.11 --undefined-- 39.276
15.12 --undefined-- 38.974
15.13 --undefined-- 38.756
15.14 --undefined-- 39.192
15.15 --undefined-- 39.942
15.16 --undefined-- 41.899
15.17 --undefined-- 45.331
15.18 --undefined-- 47.309
15.19 --undefined-- 46.229
15.20 --undefined-- 44.123
15.21 --undefined-- 42.962
15.22 --undefined-- 42.879
15.23 --undefined-- 43.341
15.24 --undefined-- 43.278
15.25 --undefined-- 43.256
15.26 --undefined-- 43.561
15.27 --undefined-- 42.841
15.28 --undefined-- 41.470
15.29 --undefined-- 40.863
15.30 --undefined-- 41.316
15.31 --undefined-- 42.279
15.32 --undefined-- 42.661
15.33 --undefined-- 41.929
15.34 --undefined-- 41.885
15.35 --undefined-- 43.256
15.36 --undefined-- 44.037
15.37 --undefined-- 43.370
15.38 --undefined-- 41.747
15.39 --undefined-- 39.778
15.40 --undefined-- 39.374
15.41 --undefined-- 40.958
15.42 --undefined-- 43.012
15.43 --undefined-- 44.706
15.44 --undefined-- 45.826
15.45 --undefined-- 46.809
15.46 --undefined-- 47.014
15.47 --undefined-- 45.450
15.48 --undefined-- 41.908
15.49 --undefined-- 38.772
15.50 --undefined-- 39.017
15.51 --undefined-- 40.273
15.52 --undefined-- 40.595
15.53 --undefined-- 42.117
15.54 --undefined-- 43.572
15.55 --undefined-- 42.971
15.56 --undefined-- 42.276
15.57 --undefined-- 43.103
15.58 --undefined-- 44.538
15.59 --undefined-- 44.060
15.60 --undefined-- 42.155
15.61 --undefined-- 42.183
15.62 --undefined-- 43.074
15.63 --undefined-- 42.806
15.64 --undefined-- 42.523
15.65 --undefined-- 42.324
15.66 --undefined-- 41.914
15.67 --undefined-- 40.921
15.68 --undefined-- 39.577
15.69 --undefined-- 40.133
15.70 --undefined-- 41.507
15.71 --undefined-- 41.052
15.72 --undefined-- 39.706
15.73 --undefined-- 38.908
15.74 --undefined-- 39.415
15.75 --undefined-- 39.970
15.76 --undefined-- 38.900
15.77 --undefined-- 38.959
15.78 --undefined-- 41.003
15.79 --undefined-- 41.498
15.80 --undefined-- 39.357
15.81 --undefined-- 36.948
15.82 --undefined-- 36.368
15.83 --undefined-- 37.553
15.84 --undefined-- 38.958
15.85 --undefined-- 40.153
15.86 --undefined-- 41.753
15.87 --undefined-- 43.083
15.88 --undefined-- 44.080
15.89 --undefined-- 44.029
15.90 --undefined-- 41.777
15.91 --undefined-- 38.723
15.92 --undefined-- 37.353
15.93 --undefined-- 37.926
15.94 --undefined-- 39.016
15.95 --undefined-- 40.104
15.96 --undefined-- 40.251
15.97 --undefined-- 38.918
15.98 --undefined-- 37.650
15.99 --undefined-- 36.787
16.00 --undefined-- 36.343
16.01 --undefined-- 36.549
16.02 --undefined-- 36.456
16.03 --undefined-- 35.610
16.04 --undefined-- 34.522
16.05 --undefined-- 34.169
16.06 --undefined-- 34.895
16.07 --undefined-- 35.473
16.08 --undefined-- 34.979
16.09 --undefined-- 34.467
16.10 --undefined-- 35.110
16.11 --undefined-- 37.003
16.12 --undefined-- 38.820
16.13 --undefined-- 38.939
16.14 --undefined-- 36.889
16.15 --undefined-- 34.522
16.16 --undefined-- 34.794
16.17 --undefined-- 36.103
16.18 --undefined-- 35.621
16.19 --undefined-- 34.592
16.20 --undefined-- 34.799
16.21 --undefined-- 36.068
16.22 --undefined-- 36.764
16.23 --undefined-- 35.827
16.24 --undefined-- 33.949
16.25 --undefined-- 32.697
16.26 --undefined-- 32.449
16.27 --undefined-- 33.178
16.28 --undefined-- 35.499
16.29 --undefined-- 37.645
16.30 --undefined-- 37.605
16.31 --undefined-- 35.888
16.32 --undefined-- 34.264
16.33 --undefined-- 34.018
16.34 --undefined-- 33.933
16.35 --undefined-- 33.068
16.36 --undefined-- 32.660
16.37 --undefined-- 33.113
16.38 --undefined-- 33.650
16.39 --undefined-- 33.308
16.40 --undefined-- 31.312
16.41 --undefined-- 29.762
16.42 --undefined-- 30.637
16.43 --undefined-- 32.298
16.44 --undefined-- 33.162
16.45 --undefined-- 33.212
16.46 --undefined-- 32.859
16.47 --undefined-- 32.230
16.48 --undefined-- 32.164
16.49 --undefined-- 33.045
16.50 --undefined-- 33.167
16.51 --undefined-- 31.849
16.52 --undefined-- 30.693
16.53 --undefined-- 30.751
16.54 --undefined-- 31.144
16.55 --undefined-- 30.986
16.56 --undefined-- 30.552
16.57 --undefined-- 31.056
16.58 --undefined-- 32.736
16.59 --undefined-- 33.615
16.60 --undefined-- 32.320
16.61 --undefined-- 30.912
16.62 --undefined-- 31.118
16.63 --undefined-- 31.805
16.64 --undefined-- 32.550
16.65 --undefined-- 33.264
16.66 --undefined-- 33.095
16.67 --undefined-- 32.501
16.68 --undefined-- 32.852
16.69 --undefined-- 33.666
16.70 --undefined-- 34.335
16.71 --undefined-- 35.255
16.72 --undefined-- 35.798
16.73 --undefined-- 35.905
16.74 --undefined-- 36.346
16.75 --undefined-- 37.326
16.76 --undefined-- 38.191
16.77 --undefined-- 37.754
16.78 --undefined-- 37.237
16.79 --undefined-- --undefined--
16.80 --undefined-- --undefined--
16.81 --undefined-- --undefined--
16.82 --undefined-- --undefined--
