0.01 --undefined-- --undefined--
0.02 --undefined-- --undefined--
0.03 --undefined-- --undefined--
0.04 --undefined-- --undefined--
0.05 --undefined-- 55.068
0.06 --undefined-- 54.564
0.07 --undefined-- 55.003
0.08 --undefined-- 56.146
0.09 --undefined-- 56.250
0.10 --undefined-- 55.372
0.11 --undefined-- 54.433
0.12 --undefined-- 54.083
0.13 --undefined-- 53.804
0.14 --undefined-- 53.025
0.15 --undefined-- 51.957
0.16 --undefined-- 51.394
0.17 --undefined-- 50.370
0.18 --undefined-- 47.659
0.19 --undefined-- 46.020
0.20 --undefined-- 47.483
0.21 --undefined-- 49.579
0.22 --undefined-- 49.518
0.23 --undefined-- 47.892
0.24 --undefined-- 47.159
0.25 --undefined-- 48.635
0.26 --undefined-- 52.050
0.27 --undefined-- 56.225
0.28 --undefined-- 58.977
0.29 --undefined-- 59.661
0.30 --undefined-- 59.747
0.31 --undefined-- 58.815
0.32 --undefined-- 55.026
0.33 --undefined-- 50.295
0.34 --undefined-- 48.548
0.35 --undefined-- 48.641
0.36 --undefined-- 47.986
0.37 --undefined-- 48.299
0.38 --undefined-- 49.805
0.39 --undefined-- 50.732
0.40 --undefined-- 51.781
0.41 --undefined-- 53.486
0.42 --undefined-- 54.194
0.43 --undefined-- 53.822
0.44 --undefined-- 53.698
0.45 --undefined-- 53.951
0.46 --undefined-- 54.324
0.47 --undefined-- 54.993
0.48 --undefined-- 55.915
0.49 --undefined-- 57.262
0.50 --undefined-- 59.365
0.51 --undefined-- 60.199
0.52 --undefined-- 58.865
0.53 --undefined-- 57.143
0.54 --undefined-- 56.668
0.55 --undefined-- 57.205
0.56 --undefined-- 57.155
0.57 --undefined-- 55.812
0.58 --undefined-- 54.973
0.59 --undefined-- 56.530
0.60 --undefined-- 58.393
0.61 --undefined-- 58.726
0.62 --undefined-- 59.352
0.63 --undefined-- 60.941
0.64 --undefined-- 62.835
0.65 407.410 64.729
0.66 --undefined-- 65.997
0.67 --undefined-- 65.645
0.68 --undefined-- 62.283
0.69 --undefined-- 57.357
0.70 --undefined-- 56.881
0.71 --undefined-- 59.603
0.72 --undefined-- 59.613
0.73 --undefined-- 58.259
0.74 --undefined-- 57.153
0.75 --undefined-- 56.530
0.76 --undefined-- 57.006
0.77 --undefined-- 57.873
0.78 --undefined-- 57.623
0.79 --undefined-- 57.210
0.80 --undefined-- 57.193
0.81 --undefined-- 56.809
0.82 --undefined-- 55.578
0.83 --undefined-- 54.009
0.84 --undefined-- 52.048
0.85 --undefined-- 49.846
0.86 --undefined-- 47.911
0.87 --undefined-- 47.588
0.88 --undefined-- 50.610
0.89 --undefined-- 53.431
0.90 --undefined-- 53.333
0.91 --undefined-- 52.318
0.92 --undefined-- 50.784
0.93 --undefined-- 46.918
0.94 --undefined-- 42.523
0.95 --undefined-- 42.977
0.96 --undefined-- 47.462
0.97 --undefined-- 50.365
0.98 --undefined-- 50.715
0.99 --undefined-- 49.782
1.00 --undefined-- 47.643
1.01 --undefined-- 45.928
1.02 --undefined-- 47.011
1.03 --undefined-- 48.815
1.04 --undefined-- 49.826
1.05 --undefined-- 49.903
1.06 --undefined-- 48.729
1.07 --undefined-- 47.692
1.08 --undefined-- 47.654
1.09 --undefined-- 47.619
1.10 --undefined-- 46.246
1.11 --undefined-- 43.636
1.12 --undefined-- 42.062
1.13 --undefined-- 43.342
1.14 --undefined-- 45.758
1.15 --undefined-- 46.292
1.16 --undefined-- 44.072
1.17 --undefined-- 40.186
1.18 --undefined-- 36.594
1.19 --undefined-- 36.638
1.20 --undefined-- 41.048
1.21 --undefined-- 45.970
1.22 --undefined-- 49.260
1.23 --undefined-- 52.588
1.24 --undefined-- 58.019
1.25 --undefined-- 64.196
1.26 --undefined-- 68.676
1.27 178.715 70.676
1.28 172.553 71.196
1.29 172.074 71.339
1.30 172.267 71.415
1.31 171.980 71.432
1.32 171.537 71.439
1.33 171.011 71.493
1.34 170.817 71.602
1.35 170.980 71.680
1.36 171.109 71.722
1.37 171.086 71.814
1.38 171.056 72.006
1.39 170.855 72.272
1.40 170.357 72.540
1.41 169.963 72.804
1.42 169.635 73.103
1.43 169.310 73.447
1.44 168.835 73.812
1.45 168.303 74.141
1.46 167.921 74.381
1.47 167.592 74.576
1.48 167.566 74.765
1.49 167.739 74.905
1.50 168.161 74.979
1.51 168.965 75.014
1.52 169.582 75.031
1.53 169.879 75.020
1.54 170.366 74.940
1.55 170.719 74.792
1.56 170.535 74.665
1.57 170.341 74.639
1.58 170.254 74.685
1.59 169.670 74.768
1.60 169.109 74.894
1.61 169.196 75.036
1.62 169.907 75.091
1.63 170.994 74.993
1.64 171.517 74.841
1.65 171.087 74.786
1.66 170.332 74.874
1.67 170.173 75.053
1.68 171.185 75.195
1.69 172.381 75.261
1.70 172.787 75.338
1.71 173.015 75.435
1.72 173.789 75.493
1.73 175.107 75.530
1.74 176.091 75.621
1.75 175.891 75.806
1.76 174.905 76.025
1.77 173.849 76.180
1.78 173.235 76.245
1.79 173.535 76.258
1.80 174.400 76.272
1.81 174.960 76.338
1.82 174.961 76.455
1.83 174.500 76.553
1.84 174.411 76.559
1.85 175.672 76.448
1.86 178.213 76.302
1.87 181.511 76.202
1.88 184.670 76.109
1.89 185.686 76.000
1.90 184.942 75.955
1.91 185.527 76.014
1.92 189.394 76.179
1.93 197.276 76.505
1.94 205.243 76.965
1.95 208.805 77.360
1.96 209.456 77.567
1.97 209.707 77.695
1.98 209.456 77.795
1.99 208.004 77.759
2.00 205.815 77.522
2.01 203.364 77.114
2.02 200.822 76.665
2.03 198.266 76.328
2.04 195.909 76.176
2.05 194.393 76.145
2.06 194.550 76.118
2.07 196.785 76.089
2.08 200.049 76.161
2.09 202.995 76.367
2.10 205.044 76.604
2.11 206.010 76.735
2.12 207.371 76.796
2.13 209.507 76.913
2.14 210.625 77.058
2.15 210.864 77.138
2.16 210.578 77.153
2.17 209.871 77.146
2.18 209.113 77.114
2.19 208.369 77.041
2.20 207.948 76.939
2.21 207.930 76.837
2.22 208.292 76.760
2.23 208.747 76.714
2.24 209.278 76.711
2.25 210.017 76.747
2.26 210.712 76.783
2.27 211.420 76.779
2.28 212.123 76.716
2.29 212.835 76.632
2.30 213.757 76.609
2.31 214.564 76.648
2.32 214.884 76.709
2.33 215.130 76.798
2.34 215.536 76.910
2.35 215.933 77.012
2.36 216.414 77.087
2.37 217.208 77.158
2.38 218.453 77.260
2.39 219.960 77.420
2.40 221.452 77.636
2.41 222.903 77.869
2.42 224.361 78.083
2.43 225.448 78.225
2.44 225.726 78.272
2.45 225.720 78.259
2.46 225.878 78.197
2.47 225.985 78.090
2.48 225.862 77.996
2.49 225.577 77.948
2.50 225.412 77.927
2.51 225.514 77.904
2.52 225.628 77.865
2.53 225.776 77.856
2.54 226.266 77.907
2.55 226.947 77.972
2.56 227.436 78.001
2.57 227.699 78.000
2.58 227.757 77.988
2.59 227.555 77.967
2.60 227.192 77.941
2.61 226.967 77.942
2.62 226.996 77.983
2.63 227.171 78.039
2.64 227.275 78.091
2.65 227.197 78.144
2.66 227.031 78.196
2.67 227.144 78.261
2.68 227.728 78.345
2.69 228.819 78.435
2.70 230.016 78.536
2.71 230.867 78.649
2.72 231.767 78.765
2.73 232.808 78.867
2.74 233.576 78.945
2.75 234.127 79.013
2.76 234.747 79.081
2.77 235.247 79.127
2.78 235.420 79.124
2.79 235.382 79.061
2.80 235.067 78.937
2.81 234.468 78.799
2.82 233.841 78.707
2.83 233.431 78.678
2.84 233.483 78.701
2.85 233.883 78.753
2.86 234.493 78.815
2.87 235.132 78.896
2.88 235.440 78.978
2.89 235.515 79.014
2.90 235.752 79.009
2.91 236.335 79.012
2.92 237.235 79.048
2.93 238.350 79.131
2.94 239.734 79.278
2.95 241.252 79.460
2.96 242.434 79.602
2.97 243.169 79.635
2.98 243.557 79.553
2.99 243.700 79.420
3.00 243.894 79.286
3.01 244.328 79.153
3.02 244.914 78.996
3.03 245.335 78.842
3.04 245.489 78.757
3.05 245.434 78.765
3.06 245.294 78.836
3.07 245.370 78.911
3.08 245.705 78.947
3.09 245.889 78.942
3.10 245.840 78.902
3.11 245.863 78.820
3.12 246.108 78.708
3.13 246.650 78.591
3.14 247.487 78.496
3.15 248.458 78.440
3.16 249.358 78.440
3.17 250.258 78.502
3.18 251.312 78.591
3.19 252.420 78.668
3.20 253.567 78.691
3.21 254.580 78.610
3.22 255.241 78.424
3.23 255.653 78.170
3.24 255.752 77.939
3.25 255.657 77.816
3.26 255.565 77.776
3.27 255.406 77.773
3.28 255.001 77.834
3.29 254.609 77.981
3.30 254.239 78.171
3.31 253.844 78.345
3.32 253.680 78.472
3.33 253.642 78.550
3.34 253.773 78.574
3.35 254.013 78.523
3.36 254.525 78.370
3.37 255.598 78.072
3.38 256.848 77.652
3.39 257.455 77.261
3.40 257.498 77.025
3.41 257.620 76.917
3.42 258.178 76.857
3.43 258.719 76.823
3.44 259.008 76.845
3.45 258.984 76.923
3.46 258.463 77.022
3.47 258.283 77.070
3.48 258.407 77.019
3.49 258.203 76.934
3.50 257.805 76.886
3.51 257.657 76.842
3.52 257.876 76.744
3.53 257.852 76.647
3.54 258.155 76.536
3.55 259.022 76.357
3.56 259.210 76.225
3.57 258.855 76.232
3.58 258.305 76.366
3.59 257.950 76.545
3.60 258.442 76.610
3.61 258.657 76.564
3.62 258.724 76.508
3.63 259.968 76.445
3.64 262.052 76.418
3.65 264.328 76.512
3.66 266.337 76.710
3.67 268.249 76.836
3.68 270.330 76.751
3.69 272.995 76.531
3.70 275.633 76.295
3.71 277.314 76.080
3.72 278.281 75.871
3.73 278.692 75.673
3.74 278.625 75.604
3.75 278.403 75.734
3.76 277.975 75.956
3.77 276.846 76.164
3.78 275.358 76.340
3.79 273.972 76.463
3.80 272.655 76.497
3.81 271.676 76.452
3.82 271.310 76.359
3.83 271.357 76.205
3.84 271.591 75.977
3.85 271.802 75.728
3.86 272.239 75.530
3.87 272.888 75.397
3.88 273.308 75.291
3.89 273.492 75.175
3.90 273.589 75.023
3.91 273.824 74.849
3.92 274.324 74.677
3.93 274.853 74.500
3.94 275.342 74.360
3.95 275.769 74.306
3.96 276.061 74.331
3.97 276.059 74.411
3.98 275.710 74.510
3.99 275.387 74.592
4.00 275.444 74.631
4.01 275.732 74.619
4.02 276.053 74.560
4.03 276.505 74.459
4.04 276.964 74.332
4.05 277.487 74.218
4.06 278.253 74.155
4.07 279.012 74.119
4.08 279.659 74.048
4.09 280.263 73.935
4.10 280.535 73.830
4.11 280.228 73.781
4.12 279.448 73.826
4.13 278.236 73.955
4.14 276.726 74.107
4.15 275.509 74.217
4.16 274.897 74.248
4.17 274.733 74.184
4.18 275.114 74.042
4.19 276.087 73.868
4.20 277.238 73.708
4.21 278.106 73.581
4.22 278.620 73.476
4.23 278.800 73.386
4.24 278.851 73.305
4.25 279.146 73.202
4.26 279.800 73.065
4.27 280.441 72.913
4.28 280.900 72.768
4.29 281.378 72.651
4.30 281.743 72.559
4.31 282.027 72.489
4.32 282.243 72.446
4.33 282.258 72.443
4.34 282.127 72.473
4.35 281.753 72.507
4.36 281.161 72.545
4.37 280.575 72.597
4.38 280.196 72.668
4.39 279.881 72.765
4.40 279.397 72.876
4.41 278.772 72.998
4.42 278.110 73.150
4.43 277.574 73.354
4.44 276.822 73.583
4.45 275.724 73.754
4.46 274.914 73.824
4.47 274.609 73.839
4.48 274.675 73.857
4.49 275.073 73.878
4.50 275.644 73.880
4.51 276.428 73.856
4.52 277.526 73.820
4.53 278.660 73.781
4.54 279.600 73.725
4.55 280.709 73.629
4.56 282.236 73.483
4.57 284.175 73.298
4.58 286.411 73.117
4.59 288.037 72.990
4.60 288.909 72.943
4.61 289.495 72.964
4.62 289.809 73.016
4.63 290.007 73.069
4.64 290.319 73.100
4.65 290.780 73.115
4.66 290.952 73.142
4.67 290.745 73.188
4.68 290.472 73.247
4.69 290.495 73.329
4.70 291.142 73.445
4.71 292.349 73.587
4.72 293.827 73.729
4.73 295.669 73.870
4.74 297.983 74.052
4.75 300.497 74.274
4.76 302.679 74.458
4.77 304.129 74.546
4.78 305.002 74.559
4.79 305.402 74.552
4.80 305.443 74.554
4.81 304.941 74.541
4.82 303.821 74.501
4.83 302.632 74.466
4.84 301.466 74.428
4.85 300.466 74.354
4.86 299.528 74.253
4.87 298.224 74.120
4.88 297.171 73.952
4.89 296.713 73.779
4.90 296.706 73.656
4.91 297.316 73.591
4.92 298.119 73.526
4.93 299.042 73.445
4.94 300.725 73.372
4.95 302.937 73.263
4.96 304.959 73.039
4.97 307.092 72.705
4.98 309.218 72.342
4.99 311.321 72.096
5.00 314.087 72.098
5.01 316.904 72.230
5.02 319.770 72.254
5.03 323.288 72.200
5.04 327.511 72.344
5.05 332.073 72.631
5.06 336.533 72.722
5.07 341.002 72.661
5.08 345.488 72.660
5.09 349.539 72.726
5.10 352.746 72.828
5.11 354.427 72.985
5.12 354.203 73.266
5.13 352.871 73.734
5.14 350.860 74.263
5.15 348.322 74.646
5.16 345.414 74.841
5.17 342.569 74.903
5.18 340.071 74.870
5.19 338.252 74.830
5.20 337.755 74.820
5.21 338.815 74.774
5.22 341.593 74.680
5.23 345.505 74.547
5.24 349.510 74.295
5.25 354.421 73.966
5.26 360.626 73.817
5.27 366.142 73.916
5.28 370.485 73.958
5.29 374.394 73.827
5.30 376.616 73.778
5.31 376.782 73.873
5.32 375.753 73.953
5.33 373.782 74.031
5.34 371.414 74.201
5.35 368.849 74.455
5.36 365.868 74.696
5.37 362.658 74.794
5.38 359.731 74.703
5.39 357.739 74.529
5.40 357.089 74.447
5.41 357.857 74.538
5.42 359.513 74.713
5.43 361.643 74.817
5.44 363.880 74.751
5.45 366.446 74.534
5.46 369.706 74.225
5.47 373.215 73.868
5.48 376.598 73.559
5.49 379.622 73.329
5.50 382.667 73.052
5.51 386.268 72.663
5.52 390.138 72.461
5.53 392.678 72.796
5.54 393.724 73.421
5.55 394.934 73.856
5.56 396.119 74.030
5.57 396.323 74.100
5.58 395.956 74.151
5.59 395.551 74.218
5.60 395.167 74.313
5.61 395.390 74.433
5.62 396.006 74.528
5.63 396.646 74.534
5.64 397.399 74.462
5.65 398.184 74.380
5.66 399.217 74.358
5.67 400.689 74.394
5.68 402.235 74.448
5.69 403.647 74.542
5.70 405.376 74.711
5.71 407.075 74.865
5.72 408.358 74.938
5.73 409.116 74.969
5.74 409.050 74.952
5.75 408.292 74.836
5.76 407.816 74.655
5.77 408.120 74.495
5.78 408.733 74.366
5.79 409.326 74.233
5.80 410.153 74.106
5.81 411.420 74.022
5.82 412.772 74.006
5.83 414.104 74.065
5.84 415.429 74.124
5.85 416.621 74.183
5.86 418.025 74.353
5.87 420.123 74.593
5.88 422.807 74.759
5.89 425.443 74.779
5.90 427.751 74.677
5.91 429.754 74.611
5.92 431.421 74.760
5.93 432.524 75.107
5.94 433.032 75.527
5.95 433.632 75.962
5.96 434.896 76.361
5.97 436.930 76.672
5.98 439.594 76.907
5.99 442.365 77.083
6.00 444.892 77.158
6.01 447.395 77.084
6.02 450.200 76.848
6.03 453.103 76.417
6.04 455.919 75.737
6.05 458.817 74.813
6.06 461.501 73.864
6.07 463.676 73.277
6.08 465.452 73.050
6.09 467.198 72.882
6.10 468.742 72.851
6.11 469.823 73.210
6.12 470.607 73.890
6.13 471.743 74.670
6.14 473.314 75.405
6.15 474.535 75.955
6.16 475.245 76.195
6.17 476.160 76.163
6.18 477.406 76.000
6.19 478.654 75.766
6.20 480.532 75.516
6.21 483.584 75.404
6.22 487.465 75.430
6.23 491.559 75.469
6.24 495.532 75.586
6.25 498.751 75.887
6.26 500.935 76.348
6.27 502.974 76.840
6.28 505.287 77.198
6.29 507.543 77.346
6.30 509.605 77.310
6.31 511.644 77.112
6.32 513.749 76.767
6.33 515.250 76.335
6.34 516.079 75.956
6.35 517.001 75.738
6.36 518.374 75.657
6.37 520.300 75.685
6.38 522.996 75.862
6.39 526.180 76.138
6.40 529.270 76.398
6.41 532.123 76.593
6.42 534.644 76.702
6.43 537.102 76.749
6.44 539.023 76.754
6.45 539.381 76.647
6.46 538.625 76.401
6.47 538.279 76.150
6.48 539.165 76.053
6.49 540.973 76.156
6.50 543.088 76.429
6.51 544.862 76.798
6.52 546.319 77.161
6.53 547.855 77.422
6.54 549.692 77.532
6.55 552.361 77.551
6.56 556.281 77.596
6.57 560.523 77.740
6.58 564.522 77.969
6.59 568.749 78.158
6.60 573.052 78.161
6.61 577.338 78.028
6.62 581.747 77.918
6.63 586.046 77.756
6.64 590.334 77.412
6.65 594.917 77.101
6.66 600.163 77.146
6.67 606.216 77.563
6.68 612.901 78.068
6.69 620.152 78.355
6.70 625.324 78.285
6.71 624.141 77.839
6.72 619.876 77.207
6.73 620.811 76.821
6.74 627.604 76.878
6.75 635.813 77.106
6.76 642.505 77.174
6.77 647.211 77.109
6.78 652.270 77.137
6.79 658.547 77.207
6.80 666.103 77.073
6.81 673.767 76.817
6.82 679.827 76.836
6.83 685.694 77.173
6.84 693.129 77.377
6.85 700.142 77.216
6.86 704.938 76.869
6.87 708.731 76.589
6.88 712.558 76.458
6.89 716.934 76.324
6.90 721.407 76.089
6.91 724.310 75.815
6.92 726.192 75.581
6.93 729.584 75.445
6.94 734.109 75.412
6.95 738.194 75.559
6.96 743.276 76.123
6.97 749.697 77.071
6.98 755.143 77.933
6.99 759.194 78.455
7.00 762.397 78.825
7.01 763.992 79.132
7.02 763.651 79.156
7.03 762.580 78.905
7.04 762.718 78.728
7.05 764.273 78.822
7.06 766.649 79.181
7.07 770.432 79.753
7.08 774.726 80.324
7.09 777.528 80.647
7.10 778.531 80.705
7.11 779.799 80.730
7.12 782.030 80.896
7.13 784.623 81.128
7.14 786.946 81.218
7.15 788.158 81.056
7.16 788.016 80.745
7.17 787.218 80.456
7.18 788.139 80.357
7.19 792.130 80.606
7.20 614.925 81.146
7.21 400.605 81.652
7.22 401.407 81.822
7.23 401.689 81.621
7.24 402.055 81.188
7.25 402.133 80.609
7.26 401.621 80.021
7.27 401.426 79.604
7.28 402.284 79.308
7.29 403.774 79.064
7.30 406.034 78.974
7.31 409.420 79.012
7.32 411.893 78.936
7.33 412.633 78.748
7.34 414.349 78.808
7.35 418.390 79.215
7.36 422.412 79.721
7.37 424.040 80.152
7.38 423.188 80.369
7.39 421.357 80.200
7.40 419.631 79.474
7.41 417.882 78.007
7.42 416.460 75.837
7.43 416.013 73.227
7.44 416.206 70.731
7.45 415.828 69.428
7.46 414.333 70.197
7.47 413.022 73.274
7.48 414.453 77.720
7.49 418.709 81.548
7.50 421.700 83.708
7.51 421.079 84.309
7.52 418.446 83.924
7.53 416.153 83.211
7.54 414.257 82.611
7.55 413.928 82.446
7.56 416.770 82.835
7.57 420.406 83.287
7.58 421.388 83.188
7.59 420.889 82.524
7.60 420.368 81.513
7.61 419.545 80.324
7.62 419.314 79.208
7.63 419.315 77.984
7.64 418.920 75.971
7.65 418.821 72.573
7.66 420.261 67.366
7.67 421.818 60.046
7.68 --undefined-- 51.865
7.69 --undefined-- 48.325
7.70 --undefined-- 49.852
7.71 --undefined-- 50.792
7.72 --undefined-- 50.739
7.73 --undefined-- 50.282
7.74 --undefined-- 49.931
7.75 --undefined-- 49.897
7.76 --undefined-- 49.033
7.77 --undefined-- 46.431
7.78 --undefined-- 42.887
7.79 --undefined-- 39.961
7.80 --undefined-- 39.946
7.81 --undefined-- 42.632
7.82 --undefined-- 44.302
7.83 --undefined-- 43.416
7.84 --undefined-- 41.963
7.85 --undefined-- 42.155
7.86 --undefined-- 43.521
7.87 --undefined-- 45.030
7.88 --undefined-- 46.408
7.89 --undefined-- 46.944
7.90 --undefined-- 46.443
7.91 --undefined-- 45.753
7.92 --undefined-- 44.484
7.93 --undefined-- 41.967
7.94 --undefined-- 39.617
7.95 --undefined-- 39.070
7.96 --undefined-- 39.183
7.97 --undefined-- 38.288
7.98 --undefined-- 38.002
7.99 --undefined-- 38.653
8.00 --undefined-- 39.042
8.01 --undefined-- 41.377
8.02 --undefined-- 45.349
8.03 --undefined-- 47.744
8.04 --undefined-- 48.815
8.05 --undefined-- 50.133
8.06 --undefined-- 52.102
8.07 --undefined-- 54.291
8.08 --undefined-- 55.834
8.09 --undefined-- 56.425
8.10 --undefined-- 57.498
8.11 --undefined-- 58.671
8.12 --undefined-- 58.610
8.13 --undefined-- 58.771
8.14 --undefined-- 59.635
8.15 --undefined-- 59.084
8.16 --undefined-- 56.254
8.17 --undefined-- 52.967
8.18 --undefined-- 51.229
8.19 --undefined-- 49.595
8.20 --undefined-- 47.459
8.21 --undefined-- 48.298
8.22 --undefined-- 52.642
8.23 --undefined-- 56.517
8.24 --undefined-- 57.907
8.25 --undefined-- 57.276
8.26 --undefined-- 55.618
8.27 --undefined-- 54.035
8.28 --undefined-- 53.276
8.29 --undefined-- --undefined--
8.30 --undefined-- --undefined--
8.31 --undefined-- --undefined--
8.32 --undefined-- --undefined--
