0.01 --undefined-- --undefined--
0.02 --undefined-- --undefined--
0.03 --undefined-- --undefined--
0.04 --undefined-- --undefined--
0.05 --undefined-- 31.392
0.06 --undefined-- 31.084
0.07 --undefined-- 31.647
0.08 --undefined-- 32.058
0.09 --undefined-- 31.488
0.10 --undefined-- 30.714
0.11 --undefined-- 31.860
0.12 --undefined-- 33.989
0.13 --undefined-- 34.536
0.14 --undefined-- 33.473
0.15 --undefined-- 32.549
0.16 --undefined-- 32.351
0.17 --undefined-- 32.627
0.18 --undefined-- 34.316
0.19 --undefined-- 36.538
0.20 --undefined-- 37.258
0.21 --undefined-- 36.721
0.22 --undefined-- 36.007
0.23 --undefined-- 34.926
0.24 --undefined-- 33.399
0.25 --undefined-- 32.831
0.26 --undefined-- 34.365
0.27 --undefined-- 36.079
0.28 --undefined-- 36.006
0.29 --undefined-- 34.572
0.30 --undefined-- 32.871
0.31 --undefined-- 31.939
0.32 --undefined-- 31.753
0.33 --undefined-- 31.200
0.34 --undefined-- 30.560
0.35 --undefined-- 31.014
0.36 --undefined-- 32.213
0.37 --undefined-- 32.063
0.38 --undefined-- 30.234
0.39 --undefined-- 29.413
0.40 --undefined-- 30.717
0.41 --undefined-- 32.041
0.42 --undefined-- 33.287
0.43 --undefined-- 34.143
0.44 --undefined-- 33.852
0.45 --undefined-- 32.655
0.46 --undefined-- 32.218
0.47 --undefined-- 32.984
0.48 --undefined-- 32.669
0.49 --undefined-- 31.922
0.50 --undefined-- 33.475
0.51 --undefined-- 35.598
0.52 --undefined-- 35.060
0.53 --undefined-- 33.042
0.54 --undefined-- 32.175
0.55 --undefined-- 33.984
0.56 --undefined-- 36.425
0.57 --undefined-- 37.416
0.58 --undefined-- 36.819
0.59 --undefined-- 35.298
0.60 --undefined-- 33.651
0.61 --undefined-- 32.031
0.62 --undefined-- 30.947
0.63 --undefined-- 32.334
0.64 --undefined-- 35.340
0.65 --undefined-- 37.003
0.66 --undefined-- 36.381
0.67 --undefined-- 34.385
0.68 --undefined-- 33.180
0.69 --undefined-- 32.616
0.70 --undefined-- 30.422
0.71 --undefined-- 27.954
0.72 --undefined-- 28.538
0.73 --undefined-- 31.782
0.74 --undefined-- 34.546
0.75 --undefined-- 35.370
0.76 --undefined-- 35.801
0.77 --undefined-- 36.394
0.78 --undefined-- 35.715
0.79 --undefined-- 34.020
0.80 --undefined-- 31.720
0.81 --undefined-- 30.619
0.82 --undefined-- 32.449
0.83 --undefined-- 34.718
0.84 --undefined-- 35.442
0.85 --undefined-- 34.636
0.86 --undefined-- 33.139
0.87 --undefined-- 32.394
0.88 --undefined-- 32.340
0.89 --undefined-- 31.614
0.90 --undefined-- 29.934
0.91 --undefined-- 29.742
0.92 --undefined-- 31.292
0.93 --undefined-- 31.621
0.94 --undefined-- 31.159
0.95 --undefined-- 31.620
0.96 --undefined-- 31.864
0.97 --undefined-- 32.016
0.98 --undefined-- 33.028
0.99 --undefined-- 32.930
1.00 --undefined-- 31.686
1.01 --undefined-- 31.732
1.02 --undefined-- 32.717
1.03 --undefined-- 33.078
1.04 --undefined-- 33.474
1.05 --undefined-- 33.799
1.06 --undefined-- 32.671
1.07 --undefined-- 30.531
1.08 --undefined-- 29.298
1.09 --undefined-- 28.806
1.10 --undefined-- 28.595
1.11 --undefined-- 29.399
1.12 --undefined-- 30.752
1.13 --undefined-- 31.238
1.14 --undefined-- 31.205
1.15 --undefined-- 31.070
1.16 --undefined-- 30.323
1.17 --undefined-- 29.852
1.18 --undefined-- 29.874
1.19 --undefined-- 29.564
1.20 --undefined-- 29.789
1.21 --undefined-- 30.513
1.22 --undefined-- 30.893
1.23 --undefined-- 31.143
1.24 --undefined-- 30.610
1.25 --undefined-- 29.192
1.26 --undefined-- 29.254
1.27 --undefined-- 31.295
1.28 --undefined-- 32.180
1.29 --undefined-- 31.889
1.30 --undefined-- 32.261
1.31 --undefined-- 34.677
1.32 --undefined-- 39.161
1.33 --undefined-- 43.531
1.34 --undefined-- 47.846
1.35 --undefined-- 53.198
1.36 --undefined-- 60.358
1.37 --undefined-- 68.532
1.38 243.457 73.372
1.39 247.051 74.744
1.40 253.129 74.081
1.41 256.032 72.948
1.42 257.761 71.770
1.43 257.942 70.462
1.44 262.493 69.270
1.45 271.210 68.361
1.46 278.339 67.593
1.47 281.902 66.961
1.48 283.900 66.773
1.49 285.911 66.830
1.50 233.799 66.996
1.51 145.264 67.216
1.52 146.179 67.209
1.53 147.805 67.071
1.54 149.244 67.033
1.55 150.240 67.006
1.56 151.650 66.947
1.57 152.924 66.999
1.58 153.373 67.330
1.59 154.336 67.637
1.60 157.605 67.719
1.61 162.335 68.111
1.62 163.744 69.189
1.63 164.466 70.652
1.64 165.534 72.278
1.65 167.574 73.846
1.66 169.675 75.021
1.67 171.755 75.838
1.68 174.288 76.519
1.69 176.166 77.086
1.70 176.960 77.506
1.71 176.439 77.782
1.72 174.932 77.902
1.73 172.381 77.866
1.74 169.568 77.703
1.75 167.535 77.501
1.76 166.018 77.342
1.77 164.036 77.246
1.78 161.974 77.199
1.79 160.770 77.176
1.80 160.120 77.109
1.81 159.683 76.948
1.82 159.530 76.723
1.83 159.508 76.462
1.84 159.728 76.232
1.85 160.430 76.078
1.86 161.609 75.934
1.87 162.831 75.748
1.88 164.051 75.531
1.89 165.389 75.271
1.90 166.433 74.948
1.91 166.773 74.576
1.92 166.505 74.251
1.93 166.261 74.087
1.94 165.735 74.056
1.95 164.279 74.081
1.96 162.195 74.183
1.97 160.588 74.363
1.98 159.494 74.529
1.99 159.016 74.636
2.00 158.691 74.706
2.01 158.510 74.761
2.02 158.668 74.795
2.03 159.237 74.751
2.04 159.849 74.619
2.05 160.631 74.484
2.06 161.113 74.383
2.07 161.080 74.270
2.08 160.927 74.119
2.09 160.716 73.937
2.10 160.407 73.782
2.11 160.212 73.689
2.12 160.468 73.633
2.13 160.904 73.649
2.14 160.992 73.734
2.15 160.971 73.778
2.16 161.142 73.823
2.17 161.347 73.949
2.18 161.479 74.088
2.19 161.829 74.204
2.20 162.164 74.249
2.21 161.955 74.207
2.22 161.447 74.184
2.23 160.723 74.244
2.24 159.677 74.306
2.25 158.704 74.276
2.26 158.486 74.238
2.27 159.007 74.332
2.28 159.654 74.507
2.29 160.168 74.643
2.30 160.529 74.691
2.31 160.501 74.616
2.32 160.265 74.415
2.33 160.212 74.155
2.34 160.774 73.997
2.35 161.644 73.996
2.36 162.280 74.011
2.37 162.545 73.945
2.38 162.473 73.783
2.39 162.119 73.527
2.40 161.297 73.231
2.41 160.498 72.955
2.42 159.888 72.705
2.43 159.670 72.517
2.44 159.944 72.395
2.45 160.600 72.283
2.46 161.502 72.169
2.47 162.176 72.025
2.48 162.279 71.754
2.49 162.331 71.340
2.50 162.531 70.879
2.51 162.673 70.499
2.52 162.293 70.298
2.53 161.650 70.266
2.54 160.927 70.352
2.55 159.936 70.359
2.56 159.079 70.163
2.57 159.153 69.948
2.58 159.346 69.893
2.59 159.376 69.942
2.60 159.359 70.052
2.61 159.409 70.443
2.62 159.637 71.122
2.63 159.469 71.693
2.64 159.509 72.036
2.65 160.144 72.411
2.66 161.445 72.862
2.67 163.455 73.234
2.68 165.460 73.454
2.69 167.309 73.532
2.70 169.393 73.539
2.71 171.810 73.587
2.72 173.513 73.701
2.73 174.748 73.807
2.74 175.202 73.865
2.75 174.737 73.898
2.76 173.270 73.882
2.77 171.729 73.802
2.78 170.827 73.686
2.79 169.722 73.527
2.80 168.549 73.355
2.81 166.377 73.202
2.82 163.401 73.139
2.83 161.259 73.171
2.84 159.556 73.121
2.85 158.034 72.969
2.86 157.098 72.860
2.87 157.125 72.836
2.88 157.955 72.922
2.89 159.158 73.138
2.90 160.565 73.422
2.91 161.517 73.673
2.92 162.129 73.850
2.93 163.166 74.002
2.94 164.509 74.142
2.95 165.137 74.198
2.96 164.753 74.087
2.97 164.886 73.908
2.98 165.795 73.784
2.99 165.589 73.695
3.00 165.229 73.661
3.01 165.218 73.754
3.02 165.781 73.988
3.03 166.456 74.235
3.04 166.682 74.391
3.05 166.572 74.472
3.06 165.684 74.457
3.07 164.033 74.372
3.08 162.731 74.317
3.09 161.325 74.314
3.10 159.757 74.353
3.11 158.515 74.413
3.12 157.745 74.461
3.13 157.426 74.531
3.14 157.354 74.665
3.15 157.461 74.815
3.16 157.535 74.925
3.17 157.409 74.947
3.18 157.086 74.826
3.19 156.746 74.641
3.20 156.643 74.508
3.21 156.780 74.445
3.22 157.063 74.464
3.23 157.191 74.508
3.24 157.403 74.508
3.25 157.873 74.469
3.26 158.660 74.460
3.27 159.483 74.543
3.28 160.162 74.701
3.29 160.997 74.909
3.30 161.824 75.048
3.31 162.307 75.041
3.32 162.430 74.966
3.33 162.534 74.907
3.34 162.469 74.842
3.35 161.813 74.764
3.36 160.752 74.737
3.37 159.679 74.764
3.38 158.725 74.818
3.39 158.171 74.915
3.40 157.738 75.058
3.41 157.230 75.223
3.42 156.885 75.378
3.43 156.783 75.493
3.44 156.511 75.577
3.45 156.186 75.669
3.46 156.172 75.768
3.47 156.778 75.808
3.48 157.392 75.791
3.49 157.864 75.777
3.50 158.441 75.785
3.51 158.995 75.788
3.52 159.457 75.793
3.53 160.030 75.860
3.54 160.578 75.981
3.55 161.017 76.031
3.56 161.247 75.957
3.57 161.265 75.809
3.58 161.138 75.636
3.59 160.773 75.479
3.60 160.095 75.346
3.61 159.535 75.211
3.62 158.984 75.093
3.63 158.087 75.016
3.64 157.044 74.975
3.65 156.281 74.967
3.66 156.109 74.925
3.67 156.395 74.862
3.68 156.785 74.817
3.69 157.337 74.702
3.70 158.157 74.538
3.71 158.707 74.439
3.72 158.893 74.427
3.73 158.917 74.510
3.74 158.702 74.609
3.75 158.521 74.655
3.76 158.680 74.700
3.77 159.149 74.741
3.78 159.598 74.760
3.79 159.588 74.766
3.80 159.593 74.748
3.81 159.527 74.784
3.82 159.004 74.870
3.83 158.239 74.904
3.84 157.746 74.902
3.85 157.654 74.905
3.86 157.969 74.916
3.87 158.399 74.919
3.88 158.733 74.810
3.89 159.204 74.630
3.90 159.799 74.606
3.91 159.964 74.701
3.92 160.263 74.651
3.93 160.922 74.572
3.94 161.256 74.666
3.95 161.350 74.837
3.96 161.209 74.970
3.97 161.162 75.028
3.98 161.447 75.057
3.99 161.861 75.031
4.00 162.102 74.938
4.01 161.916 74.861
4.02 161.217 74.874
4.03 160.507 74.984
4.04 160.254 75.122
4.05 160.323 75.197
4.06 160.605 75.176
4.07 160.888 75.086
4.08 161.009 74.974
4.09 161.047 74.910
4.10 160.834 74.870
4.11 160.387 74.792
4.12 160.073 74.711
4.13 160.012 74.656
4.14 160.226 74.609
4.15 160.487 74.618
4.16 160.481 74.714
4.17 160.178 74.812
4.18 159.775 74.831
4.19 159.329 74.801
4.20 158.843 74.745
4.21 158.297 74.601
4.22 157.908 74.354
4.23 157.970 74.152
4.24 158.015 74.075
4.25 158.402 73.973
4.26 159.199 73.801
4.27 159.909 73.709
4.28 160.033 73.668
4.29 159.616 73.533
4.30 158.537 73.323
4.31 157.342 73.026
4.32 156.689 72.697
4.33 156.473 72.413
4.34 156.684 72.144
4.35 157.033 71.905
4.36 157.456 71.769
4.37 158.308 71.673
4.38 158.887 71.577
4.39 158.872 71.542
4.40 158.926 71.491
4.41 159.230 71.439
4.42 159.638 71.485
4.43 159.982 71.494
4.44 160.069 71.380
4.45 161.174 71.202
4.46 163.044 71.078
4.47 163.748 71.142
4.48 164.523 71.298
4.49 165.226 71.484
4.50 165.368 71.674
4.51 165.433 71.820
4.52 165.597 71.946
4.53 165.594 72.111
4.54 165.036 72.268
4.55 164.114 72.381
4.56 163.291 72.553
4.57 162.501 72.839
4.58 162.070 73.200
4.59 161.744 73.613
4.60 161.404 74.018
4.61 160.880 74.341
4.62 159.999 74.562
4.63 159.136 74.714
4.64 158.584 74.778
4.65 158.103 74.757
4.66 157.782 74.752
4.67 157.840 74.845
4.68 157.872 74.997
4.69 157.286 75.127
4.70 156.618 75.187
4.71 156.812 75.192
4.72 157.458 75.156
4.73 157.863 75.069
4.74 158.069 74.936
4.75 158.301 74.746
4.76 158.617 74.506
4.77 159.081 74.266
4.78 159.368 74.052
4.79 159.535 73.863
4.80 159.345 73.624
4.81 158.921 73.255
4.82 158.436 72.801
4.83 157.950 72.327
4.84 157.213 71.823
4.85 156.185 71.324
4.86 154.781 70.947
4.87 153.597 70.741
4.88 153.163 70.594
4.89 152.851 70.334
4.90 152.520 70.475
4.91 --undefined-- 71.472
4.92 --undefined-- 71.940
4.93 --undefined-- 71.515
4.94 --undefined-- 72.247
4.95 282.560 74.188
4.96 283.780 75.382
4.97 282.180 75.703
4.98 278.805 75.501
4.99 274.960 75.004
5.00 272.562 74.613
5.01 273.825 74.687
5.02 277.862 74.953
5.03 282.966 74.765
5.04 289.640 73.772
5.05 241.282 72.167
5.06 154.345 70.754
5.07 157.348 70.206
5.08 159.595 70.224
5.09 162.065 70.410
5.10 163.923 70.977
5.11 164.471 72.054
5.12 162.344 73.049
5.13 159.824 73.370
5.14 158.782 73.135
5.15 158.181 72.723
5.16 158.925 72.711
5.17 159.204 72.978
5.18 158.202 72.824
5.19 158.618 72.375
5.20 160.931 71.905
5.21 165.372 71.610
5.22 168.993 71.512
5.23 168.722 71.376
5.24 166.883 71.214
5.25 165.109 71.207
5.26 164.025 71.400
5.27 163.744 71.738
5.28 163.965 72.070
5.29 164.306 72.270
5.30 164.713 72.383
5.31 164.967 72.481
5.32 165.028 72.562
5.33 165.026 72.623
5.34 164.988 72.668
5.35 165.108 72.708
5.36 165.069 72.775
5.37 164.526 72.878
5.38 163.576 72.998
5.39 162.567 73.131
5.40 161.892 73.274
5.41 161.618 73.398
5.42 161.356 73.495
5.43 160.996 73.592
5.44 160.845 73.688
5.45 161.006 73.729
5.46 160.913 73.699
5.47 160.307 73.626
5.48 159.567 73.541
5.49 159.252 73.498
5.50 159.434 73.562
5.51 160.128 73.769
5.52 160.954 74.065
5.53 161.457 74.350
5.54 161.635 74.570
5.55 161.769 74.725
5.56 161.862 74.832
5.57 161.745 74.905
5.58 161.484 74.972
5.59 161.179 75.059
5.60 160.704 75.144
5.61 160.272 75.211
5.62 159.954 75.255
5.63 159.516 75.251
5.64 159.042 75.176
5.65 158.779 75.024
5.66 158.842 74.857
5.67 159.141 74.790
5.68 159.387 74.845
5.69 159.370 74.957
5.70 159.083 75.062
5.71 158.659 75.104
5.72 158.088 75.072
5.73 157.582 75.001
5.74 157.354 74.915
5.75 157.281 74.866
5.76 157.128 74.890
5.77 156.971 74.954
5.78 156.987 75.032
5.79 156.870 75.108
5.80 156.710 75.134
5.81 156.938 75.100
5.82 157.513 75.015
5.83 158.188 74.889
5.84 158.754 74.767
5.85 159.257 74.696
5.86 159.764 74.682
5.87 160.341 74.703
5.88 160.845 74.740
5.89 161.064 74.747
5.90 161.034 74.696
5.91 160.732 74.617
5.92 160.233 74.545
5.93 159.714 74.505
5.94 159.281 74.528
5.95 159.095 74.620
5.96 159.141 74.746
5.97 159.074 74.862
5.98 158.726 74.920
5.99 158.317 74.934
6.00 158.111 74.967
6.01 157.987 75.037
6.02 158.071 75.123
6.03 158.375 75.192
6.04 158.656 75.248
6.05 158.593 75.305
6.06 158.596 75.387
6.07 159.028 75.507
6.08 159.701 75.632
6.09 160.224 75.776
6.10 160.441 75.938
6.11 160.577 76.059
6.12 160.839 76.120
6.13 161.186 76.133
6.14 161.141 76.104
6.15 160.738 76.091
6.16 160.418 76.091
6.17 159.992 75.968
6.18 159.264 75.680
6.19 158.410 75.346
6.20 157.485 75.046
6.21 156.176 74.783
6.22 154.400 74.603
6.23 152.381 74.650
6.24 149.929 75.074
6.25 146.688 75.888
6.26 142.703 76.948
6.27 138.891 77.730
6.28 136.027 77.707
6.29 133.942 77.066
6.30 133.300 76.612
6.31 134.286 76.849
6.32 136.004 77.357
6.33 137.217 77.619
6.34 137.920 77.542
6.35 138.527 77.141
6.36 139.554 76.416
6.37 140.771 75.469
6.38 141.707 74.557
6.39 142.573 73.810
6.40 144.800 72.760
6.41 147.871 71.216
6.42 121.252 69.825
6.43 74.840 69.186
6.44 74.786 69.419
6.45 97.439 70.364
6.46 134.135 71.696
6.47 147.859 72.075
6.48 172.391 71.030
6.49 172.035 70.257
6.50 169.761 70.043
6.51 171.665 69.306
6.52 180.001 69.011
6.53 --undefined-- 69.821
6.54 --undefined-- 70.982
6.55 --undefined-- 72.027
6.56 --undefined-- 72.414
6.57 149.783 72.004
6.58 148.451 71.346
6.59 147.392 70.938
6.60 148.922 70.958
6.61 150.284 71.053
6.62 151.710 70.981
6.63 153.627 70.562
6.64 154.972 70.081
6.65 154.925 70.100
6.66 153.788 70.452
6.67 155.134 70.586
6.68 216.024 70.564
6.69 314.992 70.634
6.70 315.887 70.717
6.71 316.273 70.756
6.72 316.270 70.820
6.73 316.893 70.870
6.74 318.154 70.915
6.75 319.071 71.061
6.76 320.282 71.282
6.77 322.039 71.503
6.78 323.552 71.745
6.79 324.859 72.041
6.80 325.826 72.364
6.81 325.964 72.611
6.82 326.026 72.750
6.83 326.554 72.908
6.84 326.806 73.114
6.85 326.947 73.316
6.86 326.646 73.518
6.87 326.129 73.731
6.88 325.862 73.956
6.89 326.271 74.163
6.90 326.032 74.358
6.91 324.502 74.562
6.92 322.978 74.714
6.93 321.139 74.791
6.94 319.313 74.826
6.95 318.599 74.830
6.96 318.574 74.850
6.97 318.581 74.961
6.98 318.399 75.124
6.99 318.537 75.251
7.00 319.083 75.289
7.01 319.507 75.280
7.02 319.814 75.309
7.03 320.467 75.360
7.04 321.677 75.409
7.05 322.882 75.486
7.06 323.365 75.604
7.07 323.651 75.763
7.08 324.200 75.919
7.09 324.315 76.028
7.10 323.553 76.112
7.11 322.715 76.206
7.12 321.512 76.304
7.13 319.711 76.349
7.14 318.619 76.307
7.15 319.143 76.249
7.16 319.665 76.236
7.17 318.928 76.206
7.18 317.923 76.147
7.19 317.172 76.085
7.20 316.256 75.993
7.21 315.586 75.926
7.22 315.460 75.967
7.23 315.488 76.063
7.24 315.814 76.139
7.25 315.972 76.198
7.26 315.528 76.231
7.27 315.063 76.205
7.28 314.927 76.115
7.29 314.895 76.020
7.30 314.765 75.933
7.31 314.804 75.821
7.32 316.160 75.708
7.33 318.543 75.648
7.34 320.648 75.639
7.35 322.711 75.654
7.36 325.078 75.682
7.37 327.008 75.691
7.38 328.370 75.652
7.39 329.410 75.601
7.40 329.906 75.569
7.41 329.742 75.536
7.42 329.030 75.468
7.43 327.398 75.377
7.44 325.450 75.335
7.45 323.885 75.376
7.46 322.572 75.469
7.47 321.439 75.568
7.48 320.481 75.689
7.49 320.132 75.859
7.50 320.102 76.025
7.51 320.060 76.143
7.52 320.003 76.236
7.53 320.282 76.384
7.54 320.546 76.574
7.55 320.517 76.708
7.56 320.886 76.805
7.57 321.615 76.923
7.58 321.895 77.058
7.59 321.675 77.219
7.60 321.679 77.385
7.61 321.749 77.491
7.62 321.807 77.554
7.63 321.887 77.640
7.64 321.994 77.733
7.65 322.474 77.786
7.66 322.785 77.782
7.67 322.574 77.761
7.68 322.324 77.778
7.69 322.163 77.808
7.70 322.101 77.806
7.71 322.538 77.784
7.72 323.138 77.742
7.73 323.760 77.649
7.74 324.160 77.529
7.75 324.280 77.438
7.76 324.288 77.375
7.77 324.164 77.309
7.78 323.962 77.242
7.79 323.576 77.160
7.80 323.050 77.030
7.81 322.824 76.876
7.82 322.991 76.719
7.83 323.100 76.547
7.84 323.029 76.362
7.85 323.051 76.182
7.86 322.836 76.025
7.87 322.534 75.882
7.88 322.225 75.740
7.89 321.915 75.603
7.90 321.637 75.511
7.91 321.198 75.497
7.92 320.187 75.492
7.93 318.669 75.416
7.94 316.994 75.335
7.95 315.898 75.313
7.96 315.201 75.278
7.97 313.991 75.177
7.98 312.774 75.057
7.99 312.116 74.987
8.00 310.684 75.046
8.01 307.884 75.198
8.02 304.916 75.255
8.03 302.179 75.378
8.04 297.008 75.869
8.05 291.710 76.316
8.06 290.527 76.475
8.07 289.164 76.628
8.08 287.332 76.841
8.09 285.998 77.084
8.10 285.368 77.327
8.11 287.222 77.427
8.12 290.508 77.388
8.13 292.475 77.171
8.14 294.541 76.692
8.15 297.057 76.054
8.16 299.360 75.597
8.17 300.279 75.534
8.18 300.616 75.579
8.19 302.671 75.489
8.20 305.373 75.335
8.21 307.915 75.052
8.22 311.703 74.480
8.23 315.801 73.804
8.24 318.833 73.239
8.25 323.785 72.705
8.26 329.329 72.210
8.27 269.930 71.915
8.28 168.363 71.817
8.29 170.387 71.482
8.30 174.124 70.619
8.31 178.606 69.885
8.32 179.507 70.007
8.33 178.641 70.891
8.34 173.290 71.983
8.35 166.718 72.416
8.36 166.508 72.222
8.37 164.753 72.174
8.38 163.107 72.312
8.39 163.238 72.385
8.40 164.212 72.217
8.41 165.459 71.709
8.42 165.540 71.296
8.43 165.214 71.255
8.44 164.930 71.415
8.45 164.700 71.786
8.46 224.255 72.367
8.47 322.797 72.952
8.48 321.382 73.337
8.49 320.596 73.484
8.50 319.808 73.456
8.51 319.207 73.328
8.52 318.678 73.226
8.53 318.102 73.196
8.54 317.963 73.122
8.55 319.064 73.042
8.56 320.570 73.084
8.57 321.674 73.201
8.58 322.663 73.316
8.59 322.910 73.482
8.60 322.613 73.720
8.61 323.050 73.987
8.62 323.360 74.209
8.63 323.780 74.376
8.64 325.229 74.588
8.65 327.018 74.863
8.66 328.640 75.105
8.67 329.464 75.262
8.68 329.057 75.353
8.69 328.431 75.435
8.70 327.158 75.541
8.71 325.143 75.625
8.72 323.927 75.697
8.73 323.038 75.801
8.74 322.673 75.897
8.75 323.074 75.977
8.76 323.359 76.092
8.77 322.983 76.245
8.78 321.639 76.365
8.79 320.030 76.390
8.80 319.600 76.365
8.81 319.608 76.370
8.82 319.536 76.407
8.83 319.595 76.445
8.84 319.682 76.467
8.85 319.707 76.472
8.86 319.578 76.458
8.87 319.554 76.434
8.88 320.106 76.394
8.89 321.000 76.339
8.90 321.468 76.324
8.91 321.596 76.385
8.92 321.799 76.470
8.93 322.287 76.516
8.94 322.790 76.528
8.95 323.540 76.550
8.96 324.501 76.572
8.97 325.016 76.571
8.98 325.296 76.580
8.99 325.567 76.629
9.00 325.926 76.715
9.01 325.938 76.822
9.02 325.677 76.927
9.03 325.274 77.010
9.04 324.170 77.091
9.05 322.320 77.180
9.06 320.545 77.229
9.07 319.438 77.214
9.08 319.160 77.182
9.09 319.185 77.158
9.10 319.209 77.139
9.11 319.009 77.102
9.12 318.367 77.014
9.13 317.869 76.896
9.14 318.145 76.834
9.15 319.067 76.843
9.16 319.529 76.857
9.17 319.748 76.872
9.18 320.196 76.921
9.19 320.913 76.977
9.20 321.401 77.010
9.21 321.305 77.006
9.22 321.607 76.983
9.23 322.360 76.976
9.24 323.077 76.957
9.25 323.756 76.886
9.26 324.491 76.732
9.27 325.328 76.493
9.28 325.618 76.200
9.29 325.051 75.909
9.30 324.263 75.659
9.31 323.678 75.447
9.32 322.702 75.228
9.33 321.370 74.988
9.34 320.603 74.801
9.35 320.386 74.683
9.36 320.024 74.535
9.37 317.851 74.259
9.38 314.708 73.919
9.39 313.623 73.699
9.40 311.714 73.669
9.41 308.614 73.864
9.42 306.033 74.262
9.43 304.378 74.604
9.44 303.350 74.708
9.45 301.873 74.754
9.46 300.383 74.801
9.47 299.401 74.676
9.48 242.596 74.324
9.49 149.781 73.893
9.50 150.362 73.718
9.51 150.872 73.890
9.52 151.163 74.154
9.53 151.541 74.150
9.54 152.083 73.936
9.55 152.332 73.814
9.56 152.610 73.761
9.57 153.142 73.585
9.58 153.649 73.204
9.59 154.447 72.810
9.60 155.504 72.661
9.61 155.982 72.578
9.62 156.050 72.389
9.63 156.470 72.164
9.64 158.598 72.003
9.65 160.437 71.963
9.66 159.993 71.918
9.67 159.689 71.831
9.68 159.853 71.855
9.69 160.604 71.906
9.70 161.083 72.021
9.71 158.770 72.053
9.72 159.932 71.698
9.73 163.994 71.223
9.74 166.729 70.950
9.75 164.469 70.876
9.76 159.555 70.721
9.77 156.855 70.627
9.78 156.151 70.736
9.79 155.354 70.825
9.80 155.088 70.892
9.81 155.376 71.059
9.82 156.430 71.234
9.83 157.152 71.275
9.84 156.881 71.442
9.85 157.712 71.907
9.86 159.210 72.250
9.87 159.443 72.292
9.88 159.654 72.369
9.89 160.431 72.601
9.90 160.982 73.006
9.91 161.287 73.489
9.92 141.156 73.867
9.93 107.770 74.118
9.94 108.474 74.253
9.95 108.712 74.402
9.96 108.779 74.537
9.97 109.104 74.674
9.98 108.894 74.890
9.99 108.563 75.094
10.00 108.398 75.234
10.01 108.354 75.276
10.02 129.115 75.212
10.03 163.442 75.050
10.04 163.450 74.874
10.05 163.381 74.853
10.06 163.288 75.021
10.07 162.967 75.238
10.08 223.694 75.373
10.09 324.697 75.468
10.10 324.348 75.576
10.11 324.102 75.685
10.12 323.606 75.792
10.13 322.707 75.891
10.14 321.564 75.887
10.15 320.940 75.721
10.16 321.055 75.533
10.17 321.232 75.411
10.18 320.983 75.347
10.19 321.122 75.335
10.20 322.481 75.361
10.21 323.754 75.475
10.22 322.713 75.633
10.23 321.018 75.651
10.24 319.475 75.620
10.25 317.970 75.581
10.26 318.468 75.414
10.27 319.735 75.291
10.28 319.204 75.279
10.29 316.817 75.175
10.30 314.289 74.861
10.31 313.121 74.459
10.32 312.577 74.118
10.33 311.833 73.894
10.34 311.643 73.825
10.35 313.028 73.579
10.36 314.714 72.973
10.37 317.975 72.295
10.38 319.579 72.040
10.39 319.691 72.178
10.40 320.875 72.260
10.41 323.332 72.310
10.42 325.002 72.571
10.43 323.275 72.943
10.44 322.113 73.221
10.45 323.984 73.410
10.46 323.353 73.554
10.47 322.854 73.499
10.48 323.354 73.284
10.49 264.382 73.071
10.50 164.180 72.916
10.51 143.675 72.795
10.52 109.872 72.734
10.53 110.160 72.720
10.54 110.171 72.646
10.55 110.134 72.546
10.56 110.149 72.497
10.57 109.983 72.530
10.58 109.777 72.618
10.59 109.801 72.723
10.60 109.853 72.822
10.61 110.176 72.791
10.62 110.657 72.704
10.63 110.740 72.732
10.64 110.460 72.829
10.65 110.178 72.900
10.66 110.032 72.831
10.67 109.528 72.566
10.68 109.238 72.261
10.69 109.423 72.107
10.70 109.458 72.185
10.71 108.939 72.428
10.72 108.277 72.640
10.73 108.308 72.701
10.74 128.236 72.694
10.75 161.271 72.677
10.76 161.125 72.625
10.77 160.922 72.645
10.78 160.543 72.806
10.79 160.254 73.001
10.80 219.881 73.131
10.81 318.830 73.191
10.82 318.635 73.222
10.83 319.055 73.314
10.84 319.589 73.497
10.85 320.050 73.679
10.86 320.590 73.829
10.87 322.200 73.952
10.88 323.722 74.103
10.89 325.227 74.335
10.90 326.601 74.610
10.91 327.531 74.815
10.92 328.208 74.853
10.93 329.204 74.731
10.94 328.773 74.650
10.95 327.614 74.657
10.96 327.008 74.548
10.97 326.514 74.356
10.98 327.773 74.310
10.99 330.060 74.479
11.00 329.815 74.631
11.01 328.602 74.672
11.02 327.463 74.787
11.03 325.110 74.965
11.04 323.047 75.028
11.05 322.582 74.955
11.06 322.933 74.887
11.07 322.207 74.913
11.08 321.451 75.009
11.09 321.388 75.103
11.10 319.949 75.107
11.11 320.062 74.805
11.12 321.900 74.421
11.13 323.054 74.321
11.14 324.804 74.444
11.15 326.198 74.674
11.16 326.497 74.919
11.17 325.911 75.036
11.18 326.389 75.011
11.19 327.492 74.967
11.20 328.292 74.959
11.21 328.761 75.020
11.22 328.670 75.168
11.23 328.440 75.317
11.24 327.868 75.332
11.25 327.574 75.244
11.26 326.826 75.202
11.27 325.334 75.176
11.28 324.547 75.182
11.29 324.784 75.339
11.30 324.424 75.566
11.31 323.403 75.717
11.32 321.838 75.734
11.33 320.698 75.649
11.34 319.956 75.585
11.35 318.854 75.531
11.36 318.940 75.422
11.37 320.153 75.282
11.38 320.538 75.176
11.39 319.698 75.170
11.40 319.625 75.268
11.41 319.968 75.455
11.42 319.806 75.693
11.43 319.301 75.786
11.44 319.461 75.598
11.45 320.105 75.405
11.46 320.545 75.371
11.47 320.909 75.309
11.48 321.352 75.253
11.49 322.058 75.356
11.50 322.114 75.517
11.51 322.212 75.555
11.52 324.151 75.551
11.53 325.836 75.623
11.54 326.207 75.619
11.55 326.651 75.485
11.56 325.761 75.355
11.57 325.185 75.355
11.58 324.016 75.738
11.59 321.513 76.296
11.60 320.794 76.306
11.61 323.535 75.753
11.62 325.237 75.233
11.63 326.065 75.014
11.64 327.083 74.840
11.65 328.235 74.615
11.66 328.064 74.579
11.67 326.769 74.795
11.68 325.716 75.007
11.69 326.457 75.001
11.70 326.327 75.033
11.71 324.060 75.358
11.72 319.209 75.774
11.73 314.364 75.893
11.74 312.040 75.633
11.75 312.676 75.147
11.76 315.703 74.787
11.77 320.161 --undefined--
11.78 322.615 --undefined--
11.79 --undefined-- --undefined--
11.80 --undefined-- --undefined--
